,ALT,HG00674
5;195139,T,0
5;336952,C,0
5;389603,C,0
5;851582,A,1
5;1144802,C,1
5;1167618,C,0
5;1175892,G,0
5;1398007,T,0
5;1447860,T,0
5;1721485,C,0
5;1775600,G,1
5;1942377,A,1
5;2003180,A,1
5;2018426,T,0
5;2692076,G,1
5;2703314,T,0
5;2843763,C,0
5;2985474,A,1
5;3190290,A,0
5;3203172,G,0
5;3301209,G,1
5;3337359,C,1
5;3360109,C,0
5;3429915,A,0
5;3510624,T,0
5;3539652,T,0
5;3659989,T,1
5;3777302,T,0
5;4274773,C,0
5;4382878,T,0
5;4588493,T,1
5;4951818,A,0
5;5279592,T,1
5;5621492,T,1
5;5779953,C,0
5;5834402,T,0
5;6550709,T,0
5;6797096,T,1
5;6859680,A,1
5;7118376,A,1
5;7274631,A,1
5;7743787,T,1
5;7822918,T,1
5;7830825,A,0
5;7891506,G,1
5;8087115,C,0
5;8139657,A,0
5;9517680,A,0
5;9534392,C,1
5;9896146,G,0
5;10250430,A,1
5;10289503,T,1
5;10470385,G,0
5;10568992,G,0
5;10789358,G,0
5;10969121,T,1
5;11182065,T,0
5;11399541,G,0
5;11646550,G,1
5;11723822,A,0
5;11913471,G,1
5;13217782,G,0
5;13817825,C,0
5;13858985,A,0
5;13942973,A,0
5;14049234,A,1
5;14069439,T,0
5;14353023,A,0
5;14926057,A,0
5;15039327,A,1
5;15488579,A,0
5;15665501,A,0
5;16758569,C,0
5;16825681,C,1
5;16923843,A,1
5;17105656,A,0
5;17221636,C,0
5;17298852,G,0
5;18136135,A,1
5;18230730,G,1
5;18727016,A,0
5;18921988,T,0
5;20569363,T,0
5;21843412,T,1
5;22240313,C,0
5;22300262,G,0
5;22497715,C,1
5;22655226,C,1
5;23217567,A,0
5;23244391,C,0
5;23564714,T,0
5;23616098,A,0
5;23788151,C,1
5;24047976,A,1
5;24607652,A,1
5;25340617,C,0
5;25770271,T,1
5;26186690,A,0
5;26459724,C,0
5;27189920,T,0
5;28142099,C,1
5;28853116,A,1
5;29480579,A,0
5;29918268,A,0
5;30504183,A,1
5;30509933,A,0
5;30536481,G,1
5;30919960,T,1
5;30933488,C,1
5;31533691,A,0
5;31582317,A,0
5;31603202,T,1
5;31674905,C,0
5;31838739,T,0
5;31972069,A,0
5;32380664,A,0
5;32691144,T,0
5;32984015,G,1
5;33464297,T,1
5;33535060,A,1
5;33636326,G,1
5;33951693,G,0
5;33958910,C,1
5;34022361,C,0
5;34568687,G,0
5;34588069,G,0
5;34749014,T,0
5;34862541,A,0
5;35732551,A,0
5;35877914,G,0
5;35925214,T,0
5;36171150,A,0
5;36415364,G,1
5;37207639,G,0
5;37821221,A,1
5;38014870,C,0
5;38203031,T,0
5;38217689,A,0
5;38563932,T,0
5;38635247,G,0
5;38646666,T,0
5;38666363,G,0
5;38756243,T,1
5;38798749,A,1
5;39471176,C,1
5;40286967,C,0
5;40962987,A,0
5;41001492,T,0
5;41231813,A,1
5;42003290,G,0
5;42084883,C,1
5;42152335,A,0
5;43170654,G,0
5;43197932,T,1
5;43665930,A,0
5;44903891,C,1
5;44990697,A,0
5;49958363,G,0
5;50413703,G,1
5;50426446,G,1
5;50771114,T,0
5;50899444,T,0
5;51101048,T,0
5;51189407,C,0
5;51263501,T,1
5;51264823,G,0
5;51467351,C,0
5;51531910,G,1
5;52125378,A,1
5;52133187,G,0
5;52320940,A,1
5;53472156,C,1
5;53936917,A,0
5;54974443,T,0
5;55223929,C,0
5;55421064,G,1
5;55525584,A,1
5;55616027,T,0
5;55829831,A,0
5;55892197,C,0
5;56119190,A,0
5;56455984,T,0
5;57508816,G,1
5;58045259,G,0
5;58066371,C,1
5;58623964,T,0
5;61746142,G,1
5;62255744,G,1
5;63031226,T,1
5;63077057,A,0
5;63096750,G,1
5;63118612,A,0
5;63936736,G,1
5;64967471,C,1
5;64967483,C,0
5;66550428,T,0
5;67007169,C,1
5;67309775,C,1
5;67957782,G,0
5;68047846,A,0
5;70750651,T,1
5;71273088,T,1
5;71420451,C,0
5;73167334,A,0
5;73196640,T,1
5;73260230,A,1
5;73268494,C,0
5;73309201,G,1
5;73710424,G,0
5;73831700,C,0
5;74059525,C,0
5;74276566,C,0
5;74332977,C,0
5;75098528,A,0
5;75180414,A,0
5;76042326,G,0
5;76500994,C,0
5;76705081,C,0
5;76720537,A,0
5;76722443,A,1
5;77168090,A,1
5;77278194,C,1
5;77297771,C,0
5;77572439,A,0
5;77784433,C,1
5;78668842,C,0
5;79030045,G,1
5;79049489,T,0
5;79446904,A,0
5;79718952,A,0
5;79933927,T,0
5;80436528,A,0
5;80643329,G,0
5;81090395,G,1
5;81220990,T,0
5;81272119,T,0
5;81389084,T,0
5;81595570,G,0
5;82114668,A,0
5;82902767,T,0
5;82986149,C,0
5;83579008,T,0
5;83735291,T,0
5;83815413,C,0
5;83842393,T,0
5;83870263,C,0
5;84417685,G,1
5;85998509,A,1
5;86713488,C,0
5;87144603,C,0
5;88752744,T,1
5;88999206,G,1
5;90724598,C,1
5;91836045,G,0
5;92487543,C,1
5;92636914,T,0
5;92731616,G,1
5;92869475,C,1
5;93195389,G,1
5;94757908,A,1
5;94887777,T,0
5;95122624,A,0
5;95621789,G,1
5;95751549,G,0
5;95906139,G,1
5;96198479,G,1
5;96484917,C,0
5;96728948,T,1
5;96923746,T,0
5;97007310,A,0
5;97070347,C,0
5;97348157,G,0
5;97427543,G,1
5;97969137,A,0
5;98312447,A,0
5;98383404,G,0
5;98513824,G,1
5;99006006,G,0
5;99221687,T,1
5;99279767,A,0
5;99333365,C,0
5;99529358,T,0
5;101457609,A,0
5;102196156,A,1
5;102863527,G,1
5;102914694,A,1
5;103028736,G,0
5;103032867,A,1
5;103136481,A,1
5;103164240,T,1
5;103710618,A,1
5;103959619,A,0
5;105246242,G,1
5;105373846,A,0
5;105609532,G,0
5;105846299,C,1
5;106646472,A,1
5;107142758,C,0
5;107320849,C,1
5;107403454,T,1
5;107820674,A,1
5;108071339,A,0
5;108342760,G,0
5;108445608,C,0
5;108835126,G,0
5;109095545,G,0
5;109422314,T,1
5;109446858,G,0
5;109498693,A,0
5;109613999,A,1
5;110049229,T,0
5;110345020,G,1
5;110849702,A,0
5;110863224,T,0
5;110949387,C,1
5;112135067,C,1
5;112168065,G,1
5;112502846,G,0
5;112965145,G,1
5;113070791,A,0
5;113863390,C,0
5;114139525,A,1
5;114710891,A,0
5;114759195,G,0
5;114769186,T,1
5;114890507,T,0
5;114931610,C,0
5;115008265,C,0
5;115348816,A,0
5;115471015,C,0
5;115517399,A,1
5;115848046,C,1
5;115947124,G,1
5;115947674,T,0
5;116215882,A,1
5;116303678,G,0
5;116401118,G,0
5;116435544,T,0
5;116565342,C,0
5;117670186,C,1
5;117701468,A,1
5;118129948,T,1
5;118229829,A,0
5;118253103,T,0
5;118299216,T,1
5;118609941,G,0
5;118690998,G,1
5;119506640,A,0
5;120022759,A,1
5;120177396,T,0
5;120638576,G,0
5;120657454,A,0
5;120718901,G,0
5;120828418,T,1
5;121214164,C,0
5;121315411,C,0
5;121403659,A,0
5;121518309,A,1
5;121531874,A,0
5;121726123,T,0
5;121844320,T,0
5;122560170,G,0
5;123018374,T,0
5;123138158,A,0
5;123418270,C,0
5;123598212,C,0
5;123637962,G,1
5;124283249,G,0
5;125621336,A,0
5;125660087,C,0
5;125670036,G,1
5;125778935,C,0
5;125872017,A,1
5;126528653,G,1
5;126664462,T,0
5;126780212,A,1
5;126993282,A,0
5;126999493,G,0
5;127125382,T,0
5;127274447,C,1
5;127552827,T,0
5;127779282,G,0
5;128619688,C,0
5;129621590,C,1
5;129825868,T,0
5;130136097,T,0
5;130374721,G,1
5;130492613,A,0
5;131037237,T,0
5;131607721,T,0
5;131649186,G,1
5;131905810,A,0
5;132623403,T,0
5;132628884,C,1
5;133412459,T,1
5;133799374,G,1
5;134130754,G,0
5;134570190,G,0
5;134799411,C,0
5;134979444,A,1
5;135178142,G,0
5;136793148,T,1
5;137132833,A,0
5;137995762,G,0
5;138565594,T,1
5;139254229,C,0
5;140204650,G,1
5;140730384,T,0
5;140742483,G,0
5;141028149,C,1
5;141062068,A,0
5;141669599,C,0
5;141748679,G,0
5;141888881,T,0
5;142001711,G,1
5;142022777,A,0
5;142075673,C,1
5;142574787,G,0
5;143059378,A,0
5;143174304,A,0
5;143192064,T,0
5;143397040,T,1
5;144397224,C,0
5;144464260,C,0
5;144467735,T,0
5;144469907,T,0
5;144855154,A,0
5;145302666,C,1
5;145395889,A,0
5;145776261,A,0
5;146080012,C,1
5;146259437,T,0
5;146551751,C,0
5;146632023,C,0
5;147067369,T,0
5;147068658,A,1
5;147093730,T,1
5;147332895,C,0
5;147768254,C,1
5;147953955,G,0
5;148685302,A,0
5;148808390,A,1
5;149213456,G,0
5;149488477,A,0
5;150372984,G,0
5;150406372,A,1
5;150841806,C,1
5;150947751,A,0
5;150955573,C,1
5;151057707,G,1
5;151280408,A,0
5;151393653,C,0
5;151756016,T,0
5;152117400,T,0
5;152895508,C,1
5;152921740,C,0
5;152921742,A,0
5;153020606,T,0
5;153269843,T,0
5;153435497,A,0
5;153547409,A,0
5;153794779,C,1
5;154831511,G,1
5;154913988,A,1
5;155532460,T,1
5;155678185,T,1
5;155757872,T,0
5;155782440,C,0
5;155938730,C,0
5;156268599,C,0
5;156494601,A,1
5;156522944,T,0
5;156795719,A,0
5;156936549,T,1
5;157164962,C,1
5;157864334,G,1
5;157877838,T,1
5;158267974,C,1
5;158367249,A,1
5;158534155,A,1
5;158593670,A,0
5;158915823,C,0
5;159013571,T,1
5;159825005,G,0
5;159904038,C,0
5;160047759,T,0
5;160097632,A,1
5;160222743,A,0
5;160581325,T,0
5;160644167,G,1
5;160917953,G,0
5;161315661,C,0
5;161324380,A,0
5;161653612,T,0
5;161702316,T,1
5;161722695,A,1
5;162613154,G,0
5;162916428,G,1
5;163135314,G,1
5;163185215,G,0
5;163732047,C,0
5;164490804,A,0
5;164578495,A,1
5;164727469,G,1
5;164937499,G,1
5;164989269,G,0
5;165082735,C,0
5;165110785,G,1
5;165138955,A,1
5;165348080,A,0
5;165613730,G,0
5;165728353,G,1
5;165855398,G,1
5;166104912,T,1
5;166579156,A,0
5;166829935,C,1
5;166861763,G,0
5;167186884,T,0
5;167200707,C,1
5;167349703,C,1
5;167621784,G,1
5;167822652,T,0
5;167886845,C,1
5;168391557,C,1
5;168494914,A,1
5;168677340,G,1
5;169398287,A,0
5;169439954,A,1
5;169440622,C,1
5;169569829,T,0
5;169767523,T,1
5;169786665,T,0
5;170072378,A,1
5;170072498,G,0
5;170562476,G,1
5;170762656,T,0
5;171036839,G,0
5;171072149,C,1
5;171152473,C,0
5;171283469,G,1
5;171480533,C,0
5;171531594,C,0
5;171666023,G,1
5;171730875,C,0
5;171770291,A,0
5;172093069,A,0
5;172120632,A,0
5;172203911,A,0
5;172243695,A,1
5;172472052,G,0
5;172769501,C,1
5;173004206,T,1
5;173062963,G,1
5;173183362,T,0
5;173327541,T,0
5;173360001,T,0
5;173527020,C,0
5;173652714,G,1
5;173741025,G,1
5;173828150,C,1
5;174153613,T,0
5;174167623,A,0
5;174468188,C,1
5;174611949,T,1
5;174817177,G,1
5;174974576,G,1
5;174987467,T,0
5;175224905,A,0
5;176067305,C,0
5;176101496,A,1
5;176133680,A,1
5;176316890,T,0
5;176492557,A,0
5;176850425,C,0
5;177409308,A,0
5;177949429,C,1
5;178136440,C,0
5;178177588,C,0
5;178413163,C,0
5;178570914,G,0
5;178753982,T,1
5;178974997,A,1
5;179362813,T,1
5;179565792,T,0
5;179751390,G,0
5;180202156,T,0
5;180615943,T,0
1;851390,T,0
1;985266,T,1
1;1247494,C,0
1;1906789,T,0
1;2118339,G,1
1;2778059,T,0
1;2970464,C,1
1;3147899,A,0
1;3603650,T,0
1;4037665,C,1
1;4079944,T,0
1;4197035,A,1
1;4200837,A,0
1;4276903,C,1
1;4459689,C,0
1;4474002,G,0
1;4569834,G,1
1;4684846,G,0
1;4805034,C,0
1;4828063,A,0
1;4985137,A,0
1;5262767,T,0
1;5814154,G,0
1;6475604,A,0
1;6487801,A,0
1;6814758,T,1
1;6826467,A,1
1;7518641,A,0
1;7652590,A,0
1;7779651,A,0
1;8370088,A,0
1;8395560,T,0
1;8412935,T,1
1;8738135,G,1
1;8983768,C,0
1;9238095,T,0
1;9266627,A,1
1;9379693,A,1
1;9430583,C,0
1;9479842,A,1
1;9526979,G,1
1;9909721,A,0
1;10463961,C,0
1;10656335,T,0
1;10786806,A,0
1;10888171,A,0
1;10891687,A,1
1;11038476,T,0
1;11090916,A,1
1;11194874,A,0
1;11395283,C,0
1;11857951,C,1
1;11870279,G,0
1;11870383,A,0
1;11879699,G,0
1;11957203,A,0
1;12183174,C,1
1;12603808,A,0
1;13814103,G,0
1;14334758,G,0
1;14382879,T,0
1;14697489,A,1
1;14902252,A,0
1;15185885,G,0
1;15314311,G,0
1;15539998,C,1
1;15699242,G,0
1;16204747,G,0
1;16415069,C,0
1;17469233,G,0
1;17469692,A,1
1;17569949,C,0
1;17787315,T,0
1;17894913,T,1
1;18042035,G,0
1;18161596,C,1
1;18808292,A,1
1;19108355,A,1
1;19471388,G,0
1;19618601,T,1
1;19751333,C,0
1;19832567,T,1
1;19988886,A,0
1;20058523,G,1
1;20112903,T,0
1;20300544,G,0
1;20580513,T,1
1;20686162,C,1
1;20991479,T,1
1;21040151,A,1
1;21847548,C,1
1;21890386,A,1
1;21903947,A,0
1;21943136,T,0
1;22109370,A,1
1;22188762,T,0
1;22207235,C,1
1;22535399,T,0
1;22737394,A,0
1;22737400,C,1
1;22978268,T,0
1;22996571,C,0
1;23116049,C,1
1;23132838,C,0
1;23415102,C,1
1;23579474,C,0
1;24431956,A,0
1;24932733,G,0
1;24963647,G,0
1;25379360,G,1
1;26125175,C,1
1;26129438,T,1
1;26226152,A,0
1;26519293,A,0
1;26546723,C,1
1;27426796,C,1
1;28282292,C,0
1;28451885,G,1
1;29247627,A,0
1;29523949,A,0
1;29682031,C,1
1;29765644,T,0
1;29851736,A,0
1;29852167,T,0
1;30434860,G,0
1;30488340,C,1
1;30521126,T,1
1;30668405,A,0
1;30788475,T,1
1;31006714,T,1
1;31052336,A,0
1;31168270,T,0
1;31770944,C,1
1;32010590,C,1
1;32315147,T,0
1;32745167,T,0
1;33215947,T,0
1;33483740,A,0
1;33930301,G,1
1;33940942,G,0
1;34046646,A,0
1;34161789,A,1
1;34254776,G,0
1;34327943,C,0
1;34473767,A,1
1;34489758,A,0
1;34835180,G,1
1;34931856,G,0
1;34948476,A,1
1;34960273,C,0
1;35183638,G,1
1;35743797,G,1
1;36835804,C,0
1;36933715,G,0
1;36971863,C,1
1;37163878,G,1
1;37352057,A,0
1;37403900,A,0
1;37494602,T,0
1;37509352,T,1
1;37999227,C,1
1;38563923,A,0
1;39438889,C,0
1;40028180,G,0
1;40156108,T,0
1;40816804,G,1
1;41010454,G,1
1;41120499,C,1
1;41875951,T,1
1;41882401,T,0
1;42904304,T,1
1;43101562,C,1
1;43397396,C,0
1;43741713,A,1
1;43901916,T,0
1;44003586,A,0
1;44266310,A,1
1;44353084,G,0
1;44426025,A,1
1;44484945,G,0
1;44557363,C,0
1;44563304,C,1
1;44623428,T,0
1;44859885,G,1
1;45315319,T,0
1;45417184,C,1
1;45452227,C,1
1;45468606,G,0
1;46600917,G,1
1;46875949,A,0
1;46897679,G,0
1;46902836,C,1
1;46981536,C,1
1;47101015,A,1
1;47255603,C,0
1;47873684,T,1
1;48009686,T,0
1;48478858,C,1
1;48666398,G,1
1;48724768,T,1
1;48974933,C,0
1;48998748,G,0
1;49378281,A,0
1;52010203,T,0
1;52705427,C,1
1;52839012,T,0
1;52889891,C,0
1;53073327,C,1
1;53109088,C,0
1;53150606,T,1
1;53320274,T,1
1;53476902,A,0
1;53532609,C,0
1;54198562,T,0
1;54482523,G,1
1;54655571,T,0
1;54793683,C,0
1;54978948,C,1
1;55059295,A,0
1;55191644,C,1
1;55496648,T,1
1;55546895,C,1
1;55551718,A,0
1;55574364,A,1
1;55764492,G,0
1;55862783,T,1
1;56178130,G,0
1;56208264,G,1
1;56760429,G,0
1;57021728,T,0
1;57340727,A,0
1;57372989,T,1
1;57412260,T,0
1;57578113,A,0
1;57605402,C,0
1;57858457,A,0
1;57928285,T,0
1;58186694,C,1
1;58437371,C,0
1;58497849,G,0
1;58730778,G,0
1;58851625,G,0
1;58864379,G,1
1;58932989,C,0
1;58999098,C,0
1;59147926,C,0
1;59377500,A,0
1;59467670,C,0
1;59515690,T,0
1;59669115,C,1
1;59715273,G,0
1;59786408,T,0
1;59832762,A,0
1;60140247,A,0
1;60239689,C,0
1;60358950,C,0
1;60882623,C,1
1;61063468,T,1
1;61093188,T,0
1;61098227,A,0
1;61481275,G,0
1;61533313,T,0
1;62330134,A,0
1;62333309,T,0
1;62711957,A,0
1;62863248,T,0
1;63266810,A,0
1;63467957,G,0
1;63532307,C,0
1;63546715,A,0
1;63638791,A,1
1;63795961,T,0
1;63958304,A,1
1;64016342,T,0
1;64056411,A,1
1;64166213,T,1
1;64339424,T,0
1;64472871,G,0
1;65209788,T,0
1;65220054,G,0
1;65459206,A,0
1;66200904,T,0
1;66304567,T,0
1;66326917,G,1
1;66538408,G,0
1;66981591,C,1
1;67488984,G,1
1;67779676,G,1
1;67841118,A,1
1;68405111,T,1
1;68561012,C,1
1;68919155,G,0
1;68990012,T,0
1;70440562,A,1
1;70990002,A,1
1;71116496,A,0
1;71561931,G,0
1;72628347,C,0
1;72874456,G,1
1;73565568,C,0
1;73867436,T,1
1;74535130,G,1
1;74749199,T,0
1;74878253,G,0
1;74892602,G,0
1;75793260,A,0
1;76461214,A,0
1;76474354,T,0
1;76750646,T,0
1;76851394,T,1
1;77190010,C,1
1;78242638,G,0
1;78851068,T,0
1;79380466,A,1
1;79481957,A,1
1;80197792,T,1
1;81002264,A,0
1;81432224,G,1
1;81522252,C,0
1;81797048,A,0
1;81875924,C,0
1;82053387,T,1
1;82780528,C,1
1;82844732,A,0
1;83054799,T,0
1;83253132,C,1
1;83298665,G,1
1;83466235,T,1
1;83701728,G,1
1;83933256,T,1
1;84038198,G,1
1;84287873,T,1
1;84303037,C,1
1;85484473,T,1
1;85594020,G,1
1;85906730,C,0
1;86481121,G,0
1;86918042,C,0
1;86924983,C,1
1;86940715,A,1
1;87015179,G,1
1;87278191,A,0
1;87825484,C,1
1;87904664,A,0
1;87962437,T,0
1;88015080,C,0
1;89208080,A,0
1;89245371,G,0
1;89429149,C,1
1;89523911,T,0
1;89685357,C,1
1;89735096,T,0
1;90270409,A,0
1;90440967,A,0
1;90645112,G,1
1;91075849,A,0
1;92025262,G,1
1;93035596,G,0
1;93810649,C,1
1;93962993,G,0
1;94175909,C,1
1;94512893,T,1
1;94565577,A,0
1;94565599,T,0
1;94577410,T,0
1;94607848,T,0
1;95207524,A,1
1;95451926,A,0
1;95562187,T,1
1;96115365,T,1
1;96185913,C,1
1;96293105,T,0
1;97001996,C,1
1;97617831,T,1
1;97854245,G,0
1;97877972,T,0
1;97971252,C,0
1;98053930,C,0
1;98584403,C,0
1;98820796,G,0
1;98983802,T,0
1;99715227,G,0
1;100039329,A,0
1;100335977,G,0
1;100739833,A,0
1;100891250,G,0
1;101204644,G,1
1;101407519,G,0
1;101442211,C,0
1;101715646,A,0
1;101872103,T,0
1;102312412,A,0
1;102437203,G,0
1;102843725,C,1
1;103007557,G,0
1;103128845,T,0
1;103298338,A,1
1;103420053,G,0
1;103710333,A,1
1;103763252,G,0
1;105799204,G,1
1;106534683,T,1
1;106810917,A,0
1;107219644,T,1
1;107448618,C,0
1;107501181,C,0
1;108245431,C,0
1;108692779,C,1
1;108711259,C,0
1;109114843,G,0
1;109164857,A,1
1;109266523,G,1
1;109519561,A,1
1;109737132,C,1
1;110338434,G,0
1;110424529,G,1
1;111397230,A,0
1;111736389,T,1
1;111736637,C,0
1;112183640,G,1
1;112252461,A,0
1;112413022,C,1
1;112591009,T,1
1;112721915,A,1
1;112843662,T,1
1;113202571,A,0
1;113333189,T,0
1;113657092,C,1
1;113915328,C,1
1;114078755,G,0
1;114196495,G,0
1;114482520,A,0
1;114762723,T,0
1;114835707,C,0
1;115102247,G,0
1;115391769,T,1
1;115760316,A,0
1;116709648,C,1
1;116923792,G,0
1;117033058,G,0
1;117199884,C,1
1;117602960,A,1
1;117811539,A,0
1;117979832,C,1
1;118146031,G,1
1;118166877,T,0
1;118251175,C,1
1;118842089,C,0
1;118860674,A,0
1;119621894,C,0
1;119765746,T,0
1;119876076,G,0
1;120531321,A,0
1;146638960,C,0
1;146643555,G,1
1;147281349,T,0
1;147282508,T,0
1;147806897,T,0
1;150120239,C,1
1;150234657,T,0
1;150792616,G,1
1;150951477,C,0
1;151413790,T,0
1;151551078,G,1
1;151705137,A,0
1;152484129,A,1
1;152625148,G,1
1;152881350,T,0
1;153013948,C,1
1;153044009,A,0
1;153369009,C,1
1;154031217,G,0
1;154171550,G,0
1;154225344,C,1
1;154717908,T,1
1;155046402,T,0
1;155086905,G,0
1;155508882,A,1
1;156198366,A,1
1;156341494,A,0
1;156564568,A,0
1;156613517,A,1
1;156840293,A,1
1;156918348,C,0
1;157223575,C,0
1;157354879,C,1
1;157370618,G,1
1;157480665,A,0
1;157490710,A,1
1;157767362,T,0
1;158044960,G,1
1;158146028,A,1
1;158249783,T,0
1;159061359,G,1
1;159135353,C,1
1;159177748,A,0
1;159568260,T,0
1;159938993,A,0
1;160121899,G,0
1;160317619,T,0
1;160809003,A,1
1;160850936,C,1
1;160852125,T,0
1;161237895,C,0
1;161465420,G,0
1;161647559,T,0
1;161967681,G,1
1;162204907,C,1
1;162336539,G,0
1;162816620,A,0
1;162833533,A,0
1;162887988,T,1
1;163100126,A,0
1;163416975,G,0
1;163813734,G,1
1;163983691,T,1
1;164312587,A,1
1;164369504,T,0
1;164844222,A,0
1;164880143,A,0
1;164995713,A,1
1;165177033,A,1
1;165243506,C,0
1;165297856,G,0
1;165418486,C,0
1;165436331,A,1
1;165570840,C,0
1;166342029,C,1
1;166353381,A,1
1;166828464,T,1
1;167512580,T,1
1;167607340,T,1
1;167669487,T,1
1;168460878,T,1
1;168607373,G,1
1;168634922,A,0
1;169765340,A,1
1;170739443,A,0
1;170927615,G,0
1;171131591,A,0
1;171336180,C,0
1;172696653,T,0
1;172781025,A,0
1;172789765,G,0
1;172936636,C,0
1;173131232,C,0
1;173284682,G,0
1;173303940,G,0
1;173604527,C,0
1;174014507,T,1
1;175105055,A,0
1;177512260,T,0
1;177540415,G,0
1;177749363,A,0
1;177755299,A,1
1;177765035,T,0
1;177920754,A,0
1;178659370,A,0
1;179071918,T,1
1;179390148,A,1
1;179545669,A,0
1;179877780,C,0
1;180189536,C,0
1;180240752,T,1
1;180297776,C,0
1;181018258,A,0
1;181437147,C,0
1;182931205,T,0
1;183913540,T,0
1;184189782,G,0
1;184261108,A,0
1;184303730,G,0
1;184372203,G,0
1;184533996,T,1
1;184758452,A,0
1;185501003,A,0
1;185704025,T,0
1;186123845,G,0
1;186156514,T,1
1;186642987,T,0
1;186873925,A,0
1;187027181,G,0
1;187348378,A,1
1;187352093,G,1
1;187513368,T,0
1;187524280,A,1
1;188116416,G,1
1;189138755,G,0
1;189769421,G,1
1;189977858,A,0
1;190497377,G,0
1;190497381,G,0
1;190519358,T,0
1;190655320,T,0
1;190730591,G,0
1;191315483,T,0
1;191377664,T,1
1;191448288,T,0
1;191638660,A,0
1;191758108,T,0
1;191848287,G,1
1;192353005,C,1
1;192538496,T,1
1;192626761,C,0
1;193174838,G,0
1;193451609,G,1
1;193457511,C,0
1;193858994,C,0
1;193859025,T,1
1;193994024,C,1
1;194121906,A,0
1;194765326,G,0
1;195155630,T,0
1;195506117,C,0
1;195631311,C,0
1;195859179,C,0
1;195919285,T,1
1;196651832,C,0
1;196859949,A,0
1;197028686,T,0
1;197305820,T,0
1;197463742,G,0
1;197631141,A,0
1;197725373,T,1
1;197814607,C,0
1;197988207,C,0
1;198575885,T,0
1;198850326,G,0
1;198992043,G,1
1;199080141,A,1
1;199312525,A,1
1;199822974,G,0
1;200247702,C,1
1;200901416,C,1
1;201062164,A,1
1;201116502,C,1
1;202036251,T,1
1;202093735,T,0
1;202130006,A,0
1;202272886,A,0
1;202945726,A,0
1;203133493,A,1
1;203189657,G,0
1;203914021,A,0
1;204081892,T,1
1;204103618,A,0
1;204116452,A,1
1;204231500,T,1
1;204307502,A,0
1;205248370,A,1
1;206720225,A,1
1;207024762,T,0
1;207853813,A,0
1;207924906,A,1
1;208085735,A,0
1;208190046,T,1
1;208280881,G,1
1;208681819,T,0
1;208929589,C,0
1;209070128,C,0
1;209092631,G,1
1;209460346,C,1
1;209526299,G,0
1;209712087,C,1
1;209811886,G,1
1;210830431,C,0
1;210857457,G,1
1;210996703,G,1
1;211689466,C,0
1;211831380,C,0
1;212248936,C,1
1;212534448,C,1
1;212571575,C,0
1;212774757,A,0
1;212798601,A,0
1;213068127,T,0
1;213073013,T,0
1;213241068,T,0
1;213563818,A,1
1;213830592,A,0
1;213866694,C,0
1;214057330,T,1
1;214558228,G,1
1;214572600,A,0
1;214578544,G,0
1;214793813,A,0
1;215171545,A,1
1;215186044,T,1
1;215398276,A,1
1;215498630,T,0
1;215712638,T,1
1;215894886,G,0
1;216039967,C,0
1;216077159,A,0
1;217339849,G,0
1;217357160,A,1
1;217570487,G,0
1;218559280,G,0
1;219086670,T,0
1;219797675,G,1
1;220053857,T,0
1;220314945,A,1
1;220547625,A,0
1;220793703,G,1
1;221373329,T,0
1;221832870,G,0
1;221902183,G,0
1;222021079,G,1
1;222456692,G,1
1;222882402,C,1
1;223469630,A,0
1;224501966,T,0
1;224934028,T,0
1;225026240,C,1
1;225535308,G,1
1;225880114,T,0
1;226020555,T,0
1;226059115,T,0
1;226610638,A,0
1;226617469,C,1
1;228048618,A,0
1;228412308,A,0
1;228661593,T,1
1;228997835,G,0
1;230417394,C,1
1;231367015,C,0
1;231740915,A,1
1;231816909,T,0
1;231910413,T,0
1;231953429,T,0
1;232031815,T,1
1;232143946,C,0
1;232161683,C,0
1;232550642,C,1
1;232608141,T,1
1;233288913,G,0
1;233498944,C,0
1;234017784,T,1
1;234607209,T,1
1;234706308,T,1
1;235062181,A,1
1;235714162,A,1
1;235850916,G,0
1;236105308,T,0
1;236179042,T,0
1;236590679,C,0
1;236609416,A,0
1;236662659,A,1
1;236748570,C,0
1;236768404,G,0
1;236772611,A,0
1;237167218,G,0
1;237280003,T,0
1;237326254,G,0
1;237364582,A,1
1;237416049,G,1
1;237670557,A,1
1;237685744,T,0
1;237788826,G,1
1;237797082,G,1
1;237921546,A,0
1;238015523,A,1
1;238060497,C,0
1;238676995,T,0
1;238873179,A,0
1;238985075,T,0
1;239094695,G,0
1;239147791,G,0
1;239543180,C,0
1;240095692,C,1
1;240107428,G,0
1;240188406,A,0
1;240307048,T,0
1;240403456,C,1
1;240435787,C,0
1;240561947,T,0
1;240613707,A,1
1;240777232,T,0
1;240977252,A,0
1;241070371,T,1
1;241439295,A,0
1;241800324,A,0
1;242284412,G,1
1;242654482,G,0
1;242824384,A,1
1;243388881,C,0
1;243617092,T,0
1;243703982,T,0
1;243821172,A,0
1;244329845,T,0
1;244499512,G,0
1;244677246,A,0
1;244758324,G,0
1;244914870,A,1
1;244935076,G,0
1;244988406,G,0
1;245195290,G,0
1;245376084,A,0
1;245413516,T,1
1;245492970,C,0
1;245722181,C,1
1;245737772,A,0
1;245964820,A,0
1;246454368,G,1
1;246823857,A,0
1;246994209,A,0
1;247016787,A,1
1;247194369,T,0
1;247621323,A,1
1;247781778,T,1
1;247783489,A,0
1;247841859,A,0
1;247875689,G,1
1;248013181,C,1
1;248028780,C,0
1;248110488,T,0
1;248131036,C,0
1;248249895,G,1
1;248812110,T,0
1;248907652,G,1
15;23793010,C,1
15;24021120,A,0
15;24194457,G,0
15;24912194,A,1
15;24966348,T,0
15;25216488,A,0
15;25415193,A,1
15;25810140,G,0
15;25923487,C,0
15;25930573,A,0
15;26220127,T,0
15;26270422,G,0
15;26344039,C,0
15;26406302,T,0
15;26478903,G,0
15;26487657,A,1
15;26747139,G,1
15;26806659,A,1
15;27308929,G,1
15;27341954,T,0
15;27456381,T,0
15;27728755,G,0
15;27909168,A,0
15;28118248,T,0
15;28216650,A,0
15;28260053,A,0
15;28288121,T,1
15;28365618,G,0
15;28410491,T,0
15;28493737,G,0
15;28504669,G,0
15;29096664,C,0
15;29120088,G,1
15;29398501,A,0
15;29569643,T,0
15;29589087,G,0
15;29641797,A,0
15;29920190,T,0
15;30004084,G,1
15;30239328,T,1
15;30301235,C,1
15;31526250,C,1
15;31757941,G,0
15;32195455,C,0
15;32391391,A,0
15;32442610,T,0
15;32994336,T,0
15;33101626,T,1
15;33196294,T,0
15;33270370,G,1
15;33487521,C,0
15;33564090,C,0
15;33564482,T,1
15;33907850,A,0
15;33923062,G,0
15;34268616,G,1
15;35353646,G,0
15;35446207,C,0
15;35454917,C,0
15;35645881,C,0
15;36142381,C,1
15;36232087,C,1
15;36236708,G,0
15;36310703,T,0
15;36341910,T,0
15;36525930,A,0
15;37062198,C,1
15;37174337,G,1
15;37315525,T,1
15;37404981,T,0
15;37404985,C,0
15;37508392,T,0
15;37556758,T,0
15;37942124,C,0
15;38342301,A,0
15;38652032,T,1
15;38886046,T,0
15;39033223,T,0
15;39047439,C,1
15;39155407,C,0
15;39520912,C,1
15;39867917,G,0
15;39992665,C,1
15;40351717,G,0
15;40379259,G,0
15;40379260,A,1
15;40397094,A,0
15;40557268,A,1
15;41600878,C,0
15;41727656,A,0
15;42075839,G,0
15;42132896,T,0
15;42310527,C,1
15;42316527,G,1
15;42905340,T,1
15;43318140,G,1
15;44922938,C,0
15;45220872,C,1
15;45385757,A,0
15;45588758,T,0
15;46557135,T,1
15;46803809,G,0
15;46888016,C,0
15;46964246,C,1
15;47003069,A,1
15;47280655,C,0
15;48042146,G,1
15;48274715,C,0
15;48304110,A,1
15;48387088,C,1
15;48392165,G,1
15;48488296,G,0
15;48520699,C,1
15;48595366,G,1
15;49323855,C,1
15;50223697,C,0
15;50271054,G,1
15;50691645,T,0
15;51529166,A,0
15;51546298,G,1
15;51642489,G,0
15;52201631,T,0
15;52211079,G,0
15;52504965,G,1
15;52958675,G,0
15;52986962,C,0
15;53166409,A,1
15;53174693,G,1
15;53669574,A,0
15;53828686,T,0
15;53891138,C,0
15;54227945,T,0
15;54251802,T,1
15;54385725,A,0
15;54549954,A,0
15;54648543,A,1
15;54773586,A,0
15;55226570,C,0
15;55316919,G,0
15;55390571,T,0
15;55829098,C,1
15;56173280,C,0
15;56293817,T,0
15;56384463,A,0
15;56566715,C,0
15;57697075,T,0
15;57729967,C,0
15;57812677,C,0
15;58000142,C,1
15;58020738,A,0
15;58039588,T,0
15;58245825,T,0
15;58256127,T,1
15;58369145,C,1
15;58495970,T,0
15;58668110,T,0
15;58831363,T,1
15;60222930,C,1
15;60238240,G,0
15;60444722,T,0
15;60559569,C,0
15;60739831,T,0
15;60870667,T,1
15;61143477,T,0
15;61529992,C,0
15;61602187,A,1
15;61708351,G,1
15;62054147,A,0
15;62102013,T,0
15;62782248,G,0
15;62787160,G,0
15;63045780,T,0
15;63158219,C,0
15;63232702,T,1
15;63270157,C,1
15;63364098,T,0
15;63426543,A,0
15;63434763,G,1
15;64278208,G,1
15;64672002,A,1
15;65117822,A,0
15;65509955,C,1
15;66578910,C,0
15;66941159,T,0
15;67112420,T,0
15;67371244,T,1
15;67483276,T,1
15;68679549,A,0
15;68897072,T,1
15;69036220,T,1
15;69350475,C,1
15;70131310,G,1
15;70626669,T,0
15;70771201,C,1
15;70925292,G,1
15;71797603,G,0
15;71886451,C,0
15;72036608,G,1
15;72267164,C,0
15;72456429,C,0
15;72558098,T,0
15;73007893,A,0
15;73009208,T,0
15;73010964,T,0
15;74038773,T,1
15;74166455,C,0
15;74177764,A,1
15;74331211,T,1
15;74516615,A,1
15;74586755,C,1
15;74723313,G,0
15;74977829,C,0
15;75040372,C,1
15;75270654,T,1
15;75368477,A,0
15;76393693,G,0
15;77259486,T,1
15;77388577,A,0
15;77654106,T,0
15;77976782,A,1
15;78730252,G,1
15;78863472,C,1
15;79234268,C,1
15;79333228,G,1
15;79461029,T,1
15;79478300,A,0
15;79797365,A,0
15;80029843,T,0
15;80329126,G,0
15;80563715,T,1
15;80600374,T,0
15;80795039,A,0
15;81328368,C,0
15;83820799,C,0
15;85207825,G,0
15;85632381,A,1
15;86059847,T,0
15;86224570,A,0
15;86268857,A,0
15;86494671,A,1
15;86685684,G,0
15;86773081,A,0
15;86807077,A,1
15;86829053,G,0
15;86860256,A,0
15;86892638,G,0
15;87185011,T,0
15;87418993,C,1
15;87602976,A,0
15;88038264,C,1
15;88319960,A,0
15;88736309,T,1
15;88916443,C,0
15;88930086,A,0
15;89001754,A,0
15;89198078,A,0
15;89396532,G,1
15;89445784,A,0
15;89532534,G,1
15;89670504,T,0
15;89670827,T,1
15;89744476,T,1
15;90069508,C,1
15;90298149,T,0
15;90318884,T,0
15;90668979,T,1
15;91230117,T,0
15;91335282,C,0
15;91441086,C,0
15;92091818,T,0
15;92321261,A,0
15;92321911,A,0
15;92423663,C,1
15;92473880,T,0
15;92511515,C,0
15;92534978,G,1
15;92692946,G,0
15;92997155,A,1
15;93063745,A,1
15;93112038,A,1
15;93151871,T,0
15;93245286,A,1
15;93285524,C,0
15;93555717,G,0
15;93580256,T,0
15;93715500,G,0
15;93955349,A,0
15;94087751,G,0
15;94218387,C,1
15;94234321,G,1
15;94427994,G,0
15;94501564,C,0
15;94577033,C,0
15;94651258,G,1
15;94657373,T,1
15;94823811,T,0
15;94851393,C,0
15;94854671,C,1
15;95203869,G,1
15;95786772,A,0
15;95828705,T,1
15;95952455,A,0
15;96200430,A,1
15;96528345,T,1
15;96531017,T,1
15;96603600,G,0
15;96938783,A,0
15;96977493,G,1
15;97345312,G,1
15;97616436,C,1
15;97933579,A,1
15;98032244,C,1
15;98144599,A,0
15;98150607,T,1
15;98392886,G,0
15;98645222,A,1
15;98672060,A,1
15;98698756,A,0
15;98715661,A,1
15;98863431,G,1
15;98871849,T,1
15;98947180,C,1
15;99280981,G,1
15;99332172,G,0
15;99596254,T,0
15;100227835,G,0
15;100255046,G,0
15;100513158,T,1
15;100537494,T,1
15;100595593,A,0
15;100695347,C,1
15;100912957,T,1
15;101067542,C,0
15;101241344,T,1
15;101295761,A,1
15;101315569,C,0
15;101476314,T,0
15;101524742,G,0
15;102014790,C,1
15;102192034,G,0
15;102210971,G,0
15;102233260,A,1
17;193698,T,0
17;222518,T,0
17;518864,G,0
17;747025,T,0
17;827809,C,0
17;986021,A,0
17;1240943,A,0
17;1244992,C,0
17;1531973,T,0
17;1588378,T,0
17;1710592,T,1
17;1727298,G,1
17;2098417,T,0
17;2554201,G,0
17;2638329,T,0
17;2921637,A,1
17;3584740,A,0
17;3608522,T,1
17;3756236,C,1
17;4377767,T,0
17;4383364,C,1
17;4423541,T,0
17;4449228,T,0
17;4931553,T,0
17;5120020,G,0
17;5597692,C,0
17;5733354,C,1
17;5863236,A,0
17;5932243,G,1
17;6040784,C,0
17;6119159,C,1
17;6285368,C,1
17;6459079,T,1
17;6473353,A,1
17;6591752,A,1
17;6625882,A,1
17;6675219,T,0
17;6682233,G,0
17;6938335,G,1
17;7011144,A,0
17;7527057,T,0
17;7576841,G,0
17;7739664,C,1
17;7754460,A,1
17;7759477,A,0
17;8228300,A,0
17;8726160,G,0
17;8982593,T,1
17;9009595,G,1
17;9083672,C,0
17;9706979,A,0
17;9728357,T,0
17;10005641,T,0
17;10296486,A,0
17;10342896,A,0
17;10695255,C,1
17;10879696,G,1
17;11044322,C,1
17;11835078,C,0
17;12418388,C,0
17;12438153,A,0
17;12636735,C,1
17;12959684,G,1
17;13317555,T,1
17;13652033,T,1
17;13874688,G,0
17;14011330,A,0
17;14111797,G,0
17;14460279,T,1
17;14471876,C,0
17;14671909,T,0
17;14744641,T,0
17;14835085,C,1
17;14937491,C,0
17;14954750,A,0
17;15041915,T,0
17;15405592,A,0
17;15502242,G,1
17;16032006,C,0
17;17104303,A,1
17;17378887,T,0
17;17418594,G,0
17;17682484,A,1
17;17896205,T,1
17;18046058,C,1
17;18194248,T,0
17;18923818,A,0
17;19952451,A,0
17;20970426,A,1
17;21103147,A,0
17;21142572,C,0
17;25317838,G,0
17;25567080,T,1
17;25831128,A,0
17;26116896,A,1
17;26148167,T,1
17;26160276,C,0
17;26190601,A,0
17;26262851,C,0
17;26316814,C,1
17;26756768,C,0
17;27005361,A,0
17;27114600,A,1
17;27536988,G,0
17;27922275,G,1
17;28141713,A,0
17;28327885,T,0
17;28515479,G,0
17;29521833,A,0
17;29629326,G,1
17;29827429,A,1
17;30367190,G,0
17;30427403,T,0
17;31329748,C,0
17;31371868,A,0
17;31778436,A,1
17;32459843,G,0
17;32531445,T,0
17;32683558,T,0
17;32903526,A,0
17;32917274,T,1
17;32992519,T,0
17;33129926,C,1
17;33301659,A,0
17;33513591,C,0
17;33556057,C,0
17;33660117,G,0
17;33840265,G,1
17;34465860,A,0
17;35843050,T,1
17;36059302,C,0
17;37271415,G,0
17;37312896,A,0
17;37790371,A,0
17;39641073,A,0
17;39688817,T,1
17;39823717,A,0
17;40261545,T,1
17;40689455,C,1
17;40919959,A,0
17;41196368,T,0
17;41206131,G,0
17;41213120,C,0
17;41687610,G,0
17;42430244,T,0
17;42924803,A,0
17;42954781,C,0
17;43216281,T,1
17;43911036,A,0
17;45318549,A,0
17;45380002,C,1
17;46059110,T,0
17;46291414,A,1
17;46688256,C,1
17;46946646,G,0
17;47121953,A,0
17;47284683,T,1
17;47481374,C,0
17;47481514,C,1
17;47516523,A,1
17;47723652,A,0
17;48521203,A,1
17;48643801,C,0
17;48744953,C,0
17;48862673,A,0
17;49081804,G,0
17;49615894,A,0
17;49699919,A,1
17;49711042,C,0
17;49752376,C,1
17;49946966,A,0
17;49987799,T,0
17;50367050,G,0
17;51110522,G,0
17;51326337,T,0
17;51511444,G,1
17;51691755,C,0
17;52427908,A,1
17;52770340,T,1
17;52863699,T,0
17;53414832,G,1
17;53893035,T,0
17;54151310,T,1
17;54259113,A,1
17;55173203,A,0
17;55779644,A,0
17;55789344,A,0
17;56940026,A,1
17;57510541,G,1
17;57752259,G,0
17;58508618,C,0
17;58966538,C,0
17;59449636,A,0
17;59735821,T,0
17;60314280,G,1
17;60459666,A,1
17;60470547,T,0
17;60505123,A,0
17;60527609,A,1
17;60742279,T,0
17;60897995,G,0
17;61642016,A,0
17;62226691,C,0
17;62671499,T,1
17;62937739,T,0
17;63001982,C,1
17;63146868,C,0
17;63160236,T,0
17;63290364,G,1
17;64165177,C,0
17;64576652,A,0
17;64729391,A,0
17;64942694,T,0
17;65072560,T,0
17;65490740,C,1
17;65634625,C,0
17;65676809,T,1
17;65973086,T,1
17;66063101,T,1
17;66063724,G,1
17;66324823,T,1
17;66659235,A,0
17;66659442,A,1
17;67809912,A,0
17;68222772,A,0
17;68320444,A,0
17;68732046,A,0
17;68740369,G,1
17;68833326,T,0
17;68907823,A,1
17;69012177,T,0
17;69080285,G,1
17;69357316,T,0
17;69392323,G,1
17;69421994,T,1
17;69426678,A,0
17;69587393,T,0
17;69592039,C,0
17;69929688,A,1
17;70220755,C,1
17;70296032,G,1
17;70346459,G,0
17;70428784,A,1
17;70451829,G,1
17;70612839,C,0
17;70679375,A,1
17;70780960,T,1
17;70788639,A,1
17;70913648,A,1
17;71211942,A,1
17;71765027,A,0
17;71978969,A,0
17;71989101,A,0
17;72074781,C,0
17;72117154,G,1
17;72167585,T,1
17;72172177,A,1
17;72462466,T,1
17;73028752,G,1
17;73733712,T,0
17;73737447,A,1
17;73840567,T,0
17;74035691,G,0
17;74539025,T,0
17;74610113,A,0
17;75128195,T,1
17;75645434,T,0
17;76201613,T,0
17;76425491,A,1
17;76460937,T,1
17;76473135,C,0
17;76887344,T,0
17;77045422,G,0
17;77315348,G,1
17;77357046,A,0
17;77364843,C,1
17;77657266,G,0
17;77725478,A,1
17;78014024,A,0
17;78337584,G,0
17;78435577,G,0
17;78449211,A,0
17;78551865,A,0
17;78854056,G,1
17;79035708,A,1
17;79542813,T,0
17;80375017,G,0
17;80542787,A,0
17;81041338,G,1
9;344087,G,0
9;419153,G,0
9;449874,C,0
9;680585,T,0
9;848112,A,0
9;986123,A,0
9;1022010,T,1
9;1073114,G,1
9;1115998,T,1
9;1267493,A,0
9;1371544,G,0
9;1439567,G,1
9;1914537,G,0
9;2110744,C,1
9;2274492,A,0
9;2295503,A,1
9;2388044,G,1
9;2448230,T,1
9;2544610,G,1
9;2796409,A,0
9;2854963,G,0
9;3050940,A,1
9;3334185,A,0
9;3458822,C,0
9;3737902,C,0
9;3845784,A,1
9;4051921,C,1
9;4300654,G,0
9;4362167,A,1
9;4428809,C,1
9;4643573,G,0
9;4937331,T,0
9;5464376,C,1
9;5486106,A,1
9;6112261,A,1
9;6187132,A,0
9;6301578,C,0
9;6605629,C,0
9;7038208,C,0
9;7099205,G,1
9;7176125,G,1
9;7208342,C,1
9;7273837,A,1
9;7480873,A,1
9;7521177,T,1
9;7611229,C,0
9;7708011,T,0
9;7734250,A,1
9;7808327,T,0
9;7860012,G,1
9;8157739,G,1
9;8171652,T,0
9;8206769,A,1
9;8338878,C,0
9;8436954,C,0
9;8794314,A,1
9;8838232,C,0
9;8915142,C,0
9;9310461,A,1
9;9437324,T,0
9;9492388,C,1
9;9753341,A,1
9;9978798,A,0
9;10109957,C,0
9;10266719,G,0
9;10342442,G,0
9;10346358,G,1
9;10451558,A,0
9;10509311,G,1
9;10679912,A,1
9;10727372,A,1
9;10894012,T,0
9;11641257,T,0
9;11850283,G,0
9;11964349,C,0
9;12020873,A,0
9;12202003,G,1
9;12481436,A,1
9;12550516,G,1
9;12606092,G,0
9;12624463,G,0
9;13004227,T,0
9;13300442,G,1
9;13556275,T,0
9;13594084,C,1
9;13602338,C,1
9;13861427,G,0
9;13867306,T,0
9;13968369,C,0
9;13983001,A,1
9;14021990,A,1
9;14303061,G,1
9;14622226,C,0
9;14662459,G,1
9;15271933,T,0
9;15289986,A,0
9;15482976,T,0
9;15515940,G,0
9;16011083,A,0
9;16114961,G,0
9;16449254,A,0
9;16526653,T,0
9;16658807,T,1
9;16795286,T,0
9;17444567,A,0
9;17635712,G,1
9;17771828,C,1
9;18028358,C,0
9;18060860,A,0
9;18163621,C,0
9;18323742,G,0
9;18358128,G,0
9;18754670,C,1
9;18759822,C,1
9;18949545,T,0
9;20251081,A,0
9;20279793,G,1
9;20498974,G,1
9;20634143,A,0
9;21683289,A,1
9;22050613,G,0
9;22201586,T,0
9;22525505,G,1
9;22854786,T,0
9;23001423,T,0
9;23088585,C,1
9;23171860,C,0
9;23186453,T,1
9;23290141,C,1
9;23709293,A,1
9;24060261,T,1
9;24234492,T,1
9;24687157,T,0
9;24723405,A,0
9;24724553,G,1
9;25471466,A,1
9;25612704,G,1
9;25615456,A,1
9;25740863,C,1
9;25929109,C,0
9;26437484,A,0
9;26477408,C,0
9;26576117,T,0
9;26751101,A,0
9;27132073,G,0
9;27296705,G,1
9;27361993,A,0
9;27533452,C,1
9;27726758,T,0
9;27872429,A,1
9;28298064,C,0
9;28356977,A,0
9;28531452,C,0
9;28659143,G,0
9;28842326,G,1
9;29366039,C,0
9;29701409,A,0
9;29943652,T,1
9;30915973,A,0
9;31470393,T,0
9;31715092,A,1
9;31822916,T,0
9;32002358,C,1
9;32127249,T,1
9;32259801,A,1
9;32282464,C,0
9;32461673,T,0
9;32492529,A,0
9;32758485,T,0
9;32978640,C,0
9;32989004,C,0
9;33193753,A,0
9;33344043,C,0
9;33407780,T,1
9;33434026,T,1
9;34167733,G,1
9;34618641,T,1
9;34651056,T,0
9;34741752,C,1
9;35444482,C,0
9;35594724,A,0
9;35927129,T,1
9;36224911,A,0
9;36802626,T,1
9;36956418,G,0
9;37338596,T,0
9;37557355,T,0
9;37657011,G,1
9;37708840,C,1
9;37829600,T,0
9;38041995,T,1
9;38273626,T,1
9;38292733,T,0
9;38318691,T,1
9;38395983,A,0
9;68425564,G,0
9;71524822,A,1
9;71540376,C,1
9;71575180,C,0
9;71716055,T,1
9;71869473,A,1
9;71895318,A,0
9;72033556,G,0
9;72282172,C,1
9;72530315,G,1
9;72535613,T,0
9;72597455,A,0
9;72707609,G,1
9;72741312,A,1
9;72897970,G,1
9;73255432,C,1
9;73473596,T,0
9;74080676,C,0
9;74174742,G,0
9;74251932,G,0
9;74437600,G,1
9;74591868,G,0
9;75054615,T,0
9;75210243,C,0
9;75549810,C,1
9;75719701,G,1
9;75895599,A,0
9;76379534,A,0
9;76696788,T,1
9;77273910,G,0
9;77282470,G,1
9;77420226,C,0
9;77569741,G,0
9;78086614,C,0
9;78308605,T,1
9;78743514,T,0
9;78815368,T,1
9;78946054,A,0
9;79123715,G,0
9;79199853,G,1
9;79344013,T,1
9;79437366,T,0
9;79466610,G,0
9;80480997,T,1
9;80641544,C,1
9;80807868,A,1
9;80932515,A,0
9;81791960,C,1
9;81825672,T,0
9;81974200,A,1
9;82520786,C,0
9;82774654,C,0
9;83121664,G,0
9;83559923,T,1
9;83567044,C,0
9;84204779,T,0
9;84717631,A,0
9;85117420,A,1
9;85506296,A,1
9;85914243,C,1
9;86214826,G,0
9;86216008,T,0
9;86584903,G,0
9;86945616,G,0
9;86960054,T,1
9;86960060,A,1
9;87056301,C,1
9;87125877,T,1
9;87410214,A,0
9;88040790,G,0
9;89029191,C,1
9;89032374,G,1
9;89083107,T,1
9;89377903,G,1
9;90052537,C,1
9;90133673,A,1
9;90136246,A,1
9;90202347,T,0
9;90428537,G,1
9;90500405,C,1
9;91348970,T,1
9;92501369,C,1
9;92526756,C,0
9;92754276,G,0
9;92879142,G,1
9;93025656,T,1
9;93102793,A,0
9;93117585,C,1
9;93139004,C,1
9;93162602,A,1
9;93464206,T,0
9;93476005,C,1
9;93579997,G,1
9;93596067,C,1
9;93704926,A,1
9;93763731,G,0
9;93858333,T,1
9;94240052,A,1
9;94483198,C,1
9;94538115,G,0
9;94634668,G,0
9;94962103,T,0
9;95160634,T,0
9;95958095,A,0
9;96680614,A,1
9;96933066,T,0
9;97824566,T,0
9;97837581,C,0
9;97869692,G,1
9;98207302,G,0
9;98231110,A,0
9;98252950,G,1
9;98290671,T,0
9;98363288,A,1
9;98397006,A,1
9;98640671,C,1
9;98790760,G,0
9;98879734,A,0
9;99247758,T,0
9;99973992,G,0
9;100935526,T,0
9;101132481,A,1
9;101312877,A,0
9;101624837,C,1
9;102082015,T,1
9;102257329,T,0
9;102632493,G,0
9;102633733,G,0
9;103208699,A,0
9;103263067,G,0
9;103495396,T,1
9;103591484,G,0
9;103803109,C,0
9;103873538,A,0
9;103968906,G,0
9;104060514,C,0
9;105172580,G,0
9;105946455,C,0
9;105974754,T,1
9;105979945,A,1
9;106161664,A,1
9;106248670,A,1
9;106302114,T,0
9;106571202,A,1
9;106701606,C,0
9;107045058,T,1
9;107100866,T,0
9;107282954,T,1
9;107413690,A,1
9;107422668,A,1
9;107678797,T,1
9;107786985,A,1
9;107820817,A,0
9;108207197,G,1
9;108244388,G,0
9;109531966,T,1
9;109920256,G,0
9;110896340,A,1
9;111246099,A,0
9;111284013,C,1
9;111362601,G,0
9;111458761,T,0
9;111506058,T,1
9;111605283,T,1
9;111640631,T,0
9;111688767,T,0
9;111799563,C,1
9;112032176,G,1
9;112200194,C,0
9;112492370,A,1
9;112611429,C,0
9;112678121,G,1
9;112704824,T,0
9;112880158,T,0
9;113250289,G,1
9;113405894,G,0
9;113457348,A,1
9;113500090,A,0
9;113565027,T,0
9;113602694,T,1
9;113784557,C,0
9;113911612,C,0
9;113911613,C,0
9;114015405,C,0
9;114191098,G,0
9;114247834,G,0
9;114548865,T,1
9;114705137,C,1
9;115666545,A,0
9;115724490,T,0
9;115786619,T,0
9;116207828,G,0
9;116461477,A,1
9;116707820,A,1
9;116737382,C,0
9;116964061,C,0
9;117300139,C,0
9;117312382,T,1
9;117325291,A,1
9;117335721,C,0
9;117699505,A,0
9;117704155,T,0
9;117860951,A,1
9;118213864,T,0
9;118250623,T,0
9;118701934,A,0
9;118966153,A,1
9;118989555,T,0
9;119985470,A,1
9;120546492,T,0
9;120854939,C,1
9;121111361,T,0
9;121324544,G,0
9;122562214,G,0
9;122665950,A,0
9;123686219,G,1
9;123955756,A,0
9;124060879,C,1
9;124425243,T,1
9;124872011,C,1
9;124910582,A,0
9;125611369,C,0
9;125703274,G,1
9;126095572,C,0
9;126842371,T,0
9;126892484,A,0
9;126935364,G,1
9;128869210,A,1
9;128978468,C,1
9;129074984,T,0
9;129461912,G,0
9;129486982,C,1
9;129772495,T,1
9;129871971,C,0
9;130612383,A,1
9;131586374,A,1
9;131963745,A,1
9;132022478,C,1
9;132188510,C,0
9;132615515,G,0
9;132991895,A,0
9;133044993,A,1
9;133247246,C,0
9;133670481,G,0
9;133755754,C,0
9;134254344,A,0
9;134458473,T,0
9;134471264,T,0
9;135347491,C,0
9;135470414,C,1
9;135765261,T,0
9;136311017,A,0
9;136412013,C,0
9;136771890,C,1
9;136973826,T,1
9;137153882,G,1
9;137298964,G,0
9;137437183,A,1
9;137609408,G,0
9;137619218,T,0
9;137659688,A,1
9;137687165,C,0
9;137951898,G,0
9;137988675,C,1
9;138067653,T,0
9;138086589,A,1
9;138186161,T,1
9;138372737,A,1
9;138586309,G,1
9;138620891,G,0
9;138680340,G,1
9;138908250,T,0
9;139225139,A,0
9;139259249,G,0
9;139310478,T,0
9;139437410,A,1
9;139638381,T,0
9;140046682,A,1
9;140293732,T,1
9;140435981,T,0
9;140755482,G,0
2;382409,G,1
2;796058,T,1
2;943636,T,0
2;1144877,A,0
2;1144878,T,1
2;1625303,A,0
2;1700119,G,1
2;1804313,T,0
2;1952237,A,0
2;2116870,C,0
2;2417721,G,1
2;2676731,T,0
2;2717166,A,0
2;3238675,G,1
2;3284052,T,0
2;3313043,C,1
2;3467299,G,0
2;3680025,T,1
2;3841699,C,1
2;4231211,G,0
2;4512657,T,1
2;4806334,T,1
2;4964038,G,0
2;5344824,C,1
2;5747177,G,1
2;5977648,T,1
2;6147978,T,0
2;6389676,G,1
2;6450771,C,1
2;6895049,C,0
2;7153253,C,1
2;7520946,C,0
2;7648655,A,0
2;7654144,T,0
2;7838826,C,0
2;7933809,C,0
2;8107832,A,0
2;8753269,T,0
2;9308148,G,1
2;9336855,G,0
2;9350280,T,0
2;9679762,T,0
2;10045113,T,0
2;10368871,G,1
2;10802777,T,0
2;10817443,A,0
2;10974036,G,0
2;11068775,C,1
2;11082112,A,0
2;12159788,G,0
2;12509020,T,1
2;14345231,T,0
2;14406219,A,0
2;14433542,A,1
2;14463390,T,1
2;14951093,C,0
2;15026865,C,0
2;15108188,T,0
2;15289040,A,0
2;15308273,G,0
2;15926168,C,1
2;16058632,A,0
2;16149780,G,1
2;16171712,A,0
2;16372553,G,0
2;16419751,A,0
2;17256600,T,1
2;17770893,A,1
2;17872205,T,0
2;18033770,G,1
2;18055438,A,0
2;18243534,C,1
2;18340920,G,0
2;18356211,T,0
2;18615638,G,0
2;18627062,T,0
2;19926886,G,1
2;19943923,C,0
2;20346774,G,1
2;20449068,G,0
2;20695796,A,0
2;20743917,A,0
2;21121012,C,0
2;21615340,G,0
2;22490855,G,0
2;22621138,T,0
2;22665048,T,0
2;23033710,G,0
2;23179494,C,0
2;23365146,T,0
2;23468307,G,0
2;23572757,G,1
2;23813836,G,0
2;23866583,C,0
2;24336922,A,0
2;24672278,A,0
2;25044957,A,0
2;25328703,T,1
2;25389224,G,1
2;25419473,A,0
2;25921254,G,0
2;26534112,A,0
2;26602262,T,0
2;26616624,C,1
2;26666134,G,0
2;26928811,A,1
2;26957480,C,1
2;27173314,A,0
2;27325837,A,1
2;27502055,G,0
2;28387200,A,0
2;28690957,T,0
2;29320512,C,0
2;29357481,T,0
2;29497967,A,0
2;30104122,A,0
2;30494172,T,0
2;30526780,A,0
2;30592997,G,0
2;30902939,T,0
2;31529006,C,1
2;31543788,C,0
2;32832683,T,0
2;32926031,A,0
2;33304365,T,1
2;33683727,A,0
2;34445953,G,1
2;34575895,C,0
2;34760954,A,0
2;34761659,G,1
2;34923268,A,0
2;34956399,T,1
2;35022419,A,1
2;35322877,A,0
2;35355977,T,0
2;35777771,T,0
2;35930877,T,0
2;36180242,A,0
2;36488317,A,1
2;36571060,G,0
2;36688921,A,0
2;36717819,A,0
2;36782886,A,0
2;36875692,G,0
2;36895437,T,1
2;38315020,T,1
2;38379437,C,1
2;38510608,C,1
2;38675538,G,1
2;38707369,T,0
2;39367533,A,0
2;40435789,C,0
2;40563261,C,0
2;41076308,C,1
2;41169461,T,0
2;41305118,G,1
2;41657267,G,0
2;41843971,T,0
2;42364439,C,0
2;42876940,G,1
2;43034802,C,0
2;43402297,T,1
2;44139197,A,1
2;44211546,G,0
2;44270410,T,0
2;44759732,A,1
2;44904164,A,1
2;45113852,A,1
2;45173845,T,1
2;45275358,C,0
2;45355867,C,0
2;45573241,G,1
2;45939907,C,0
2;46312196,T,0
2;46918665,G,0
2;47057325,G,1
2;47094927,T,0
2;47225426,C,0
2;47462311,A,0
2;47464936,G,0
2;47612299,G,0
2;47751215,A,0
2;47843970,A,0
2;48740195,G,1
2;49241732,A,1
2;49403846,G,1
2;49558827,A,1
2;50743618,G,1
2;50798055,C,0
2;50816879,C,1
2;50930181,A,1
2;50946373,G,0
2;51105852,A,0
2;51259148,G,0
2;51499462,A,0
2;51584738,G,1
2;51612454,G,1
2;51710533,G,1
2;51762755,G,0
2;51815380,G,1
2;51914354,T,1
2;51931529,T,1
2;52016775,T,0
2;52030369,G,1
2;52030498,T,0
2;52233463,T,0
2;53037805,C,0
2;53256694,A,1
2;53828410,C,1
2;53851844,C,0
2;54050281,G,0
2;54656019,A,0
2;54719121,G,1
2;55175545,A,0
2;55265785,T,1
2;55726222,G,1
2;56257941,T,0
2;56411157,C,1
2;56676997,G,0
2;56856260,G,0
2;57136542,G,0
2;57229955,A,0
2;57310332,G,0
2;57484026,G,1
2;57611962,G,1
2;57791962,T,0
2;57909360,C,0
2;58795962,G,0
2;58985331,A,0
2;59129941,A,1
2;59133513,T,1
2;59157382,T,0
2;59991047,A,1
2;60029857,G,1
2;60130648,T,0
2;60273795,A,1
2;60681575,C,0
2;61109147,G,0
2;61223290,C,0
2;62667392,T,0
2;62890171,A,1
2;63695036,T,1
2;63768467,C,1
2;64193684,T,0
2;64565228,T,1
2;65106350,T,1
2;65131732,A,1
2;65142754,T,1
2;65877598,A,0
2;66009594,G,1
2;66094705,G,1
2;66286114,C,1
2;66293343,G,1
2;66786928,A,1
2;66794834,A,1
2;67115938,C,1
2;67247936,T,1
2;67345557,G,1
2;67388232,A,1
2;67513152,A,0
2;67877404,C,0
2;67906434,C,0
2;68012459,C,1
2;68108933,T,0
2;68146171,C,0
2;68413348,T,0
2;68799454,A,0
2;68882468,C,1
2;68911266,T,0
2;68924094,T,0
2;69342970,A,0
2;69738093,T,1
2;69813713,T,1
2;71163173,T,1
2;71760554,A,0
2;72178989,T,0
2;72522769,C,1
2;73344359,T,0
2;73536080,G,1
2;73762385,A,1
2;74257094,C,0
2;74489323,T,0
2;74701836,A,0
2;74952710,T,0
2;75179671,C,1
2;75630573,C,0
2;75728903,A,1
2;75891249,A,0
2;76173663,A,0
2;76648560,C,0
2;76727046,G,0
2;76778258,T,0
2;76882935,T,1
2;76947593,A,1
2;77170201,G,0
2;77465662,G,1
2;77633888,C,1
2;77672320,A,0
2;77702551,T,1
2;79075758,G,0
2;79081585,G,0
2;79253150,G,1
2;79276440,G,0
2;79410347,G,0
2;79866608,A,1
2;79932237,C,1
2;80095216,T,1
2;80102308,A,0
2;80143021,G,1
2;80371312,G,1
2;80471923,G,0
2;80793618,A,0
2;80899013,T,1
2;80920342,C,1
2;81592167,T,0
2;81596818,C,0
2;82094078,A,0
2;82349064,A,1
2;82860052,T,1
2;83047442,C,0
2;83390541,A,1
2;84975675,C,0
2;85072682,A,0
2;85195467,A,0
2;85439847,A,0
2;85479240,A,0
2;85534976,T,0
2;85643149,T,0
2;87880887,G,1
2;88299844,T,1
2;88723471,C,1
2;95534003,T,0
2;96333543,A,0
2;97366303,G,1
2;97669032,T,1
2;97757509,T,1
2;98339513,T,0
2;98717094,G,1
2;98799055,C,0
2;99377553,C,0
2;99497505,G,1
2;100470189,C,0
2;100481452,C,0
2;100483622,A,0
2;101688055,T,1
2;102628509,C,1
2;104599615,C,0
2;104763647,T,0
2;104912496,C,1
2;104931566,A,0
2;105665534,C,0
2;105690536,C,0
2;106076540,A,0
2;106213078,C,0
2;106227721,C,0
2;106678442,T,0
2;107133119,C,1
2;107391080,A,1
2;107601737,T,0
2;108033742,T,1
2;108877414,T,1
2;108931105,A,0
2;109526505,A,0
2;110363704,A,1
2;110381572,C,0
2;111616195,A,0
2;112868426,A,0
2;113387570,T,1
2;113784802,A,0
2;113866525,A,0
2;114154369,G,0
2;115347789,C,0
2;115401393,A,0
2;115406526,A,1
2;115567586,C,1
2;116158971,T,0
2;117064215,C,1
2;117410018,T,0
2;117932662,T,0
2;118238488,G,0
2;118258797,T,0
2;118282230,G,0
2;118661550,A,0
2;118676429,T,0
2;118844183,C,0
2;119004158,C,0
2;119742546,A,0
2;119749611,T,0
2;120028978,G,0
2;121171926,C,1
2;121369472,C,1
2;121382996,T,0
2;121575818,A,1
2;122376857,G,0
2;122583041,T,0
2;123222183,C,0
2;123395877,T,1
2;124203344,T,1
2;124508872,C,0
2;124940432,A,1
2;124953763,C,0
2;124974973,A,0
2;125030235,C,0
2;125362293,G,0
2;125946534,A,1
2;126712081,C,0
2;127178705,T,0
2;127457007,A,0
2;128401091,G,1
2;128699776,G,0
2;129222649,G,0
2;129333961,A,0
2;129504551,A,0
2;130077270,A,1
2;130083785,A,0
2;130149806,T,0
2;130368088,A,1
2;130428389,G,0
2;130618142,A,0
2;130647186,T,0
2;131127651,G,0
2;133139402,G,0
2;133159427,T,1
2;133265427,A,1
2;133328429,A,0
2;133409897,G,0
2;133455040,C,0
2;134314378,A,1
2;134448515,G,1
2;134599227,G,1
2;134902200,A,0
2;135057892,T,1
2;135080569,A,0
2;135164684,A,0
2;135755629,G,1
2;136553529,T,1
2;136677192,C,0
2;137042930,C,1
2;137165591,G,1
2;137295709,G,1
2;137809876,T,0
2;138701957,A,0
2;138732194,C,1
2;139029250,C,1
2;139174505,T,0
2;139667920,A,0
2;140586648,A,0
2;140771444,A,0
2;140842036,T,1
2;141125406,G,1
2;141343435,C,0
2;141707868,T,0
2;141713836,C,0
2;141783763,A,0
2;142018926,G,1
2;142119001,C,0
2;142167268,T,0
2;142245717,G,1
2;142280835,C,0
2;142302920,G,1
2;142471029,A,0
2;142789451,T,0
2;142791459,A,1
2;142827984,T,0
2;142889154,A,0
2;143047409,C,0
2;143174049,C,0
2;143508243,G,1
2;144184279,A,0
2;144382641,G,0
2;144569057,C,0
2;144899559,A,1
2;145141541,C,0
2;145161902,G,0
2;145344078,A,0
2;145984088,T,0
2;146138781,C,0
2;146470953,G,0
2;146947777,T,0
2;147081666,C,0
2;147259442,C,0
2;147720518,G,1
2;148239755,A,0
2;148264678,A,0
2;149290719,G,1
2;149325798,G,1
2;149566472,C,0
2;150467899,T,0
2;151022218,A,0
2;151039894,C,0
2;151056478,G,0
2;151117488,C,1
2;151187769,T,1
2;151247366,G,1
2;151343917,C,0
2;151375551,A,0
2;151456843,C,0
2;151470729,C,1
2;151572717,A,1
2;151750506,G,0
2;151868894,C,1
2;152830901,C,0
2;152848504,T,1
2;153268611,A,0
2;153876159,T,0
2;154262090,G,0
2;154318295,A,1
2;154690220,A,1
2;154798242,G,0
2;155363915,T,0
2;155838306,G,1
2;155929442,A,0
2;156494952,T,0
2;156866619,C,1
2;156872446,T,1
2;157044009,G,0
2;157148798,A,0
2;157740361,A,0
2;158128231,A,0
2;158284890,A,0
2;158409131,G,1
2;158760184,C,0
2;158858365,A,1
2;159542637,A,0
2;159589457,T,0
2;159664871,G,0
2;159670449,C,0
2;160028923,A,0
2;160051067,G,0
2;160261721,C,0
2;160503645,G,0
2;160604379,T,0
2;160614480,T,0
2;160781717,T,0
2;161144239,A,1
2;161309188,T,0
2;162018643,C,1
2;163201317,T,0
2;163382635,C,0
2;164029770,A,0
2;164342689,T,0
2;164534434,A,1
2;165773955,G,0
2;166162600,A,0
2;166432227,G,0
2;166484801,T,0
2;166950510,T,0
2;167035346,A,1
2;167649537,C,1
2;167694348,T,0
2;167706475,G,0
2;167945736,T,0
2;168108032,A,0
2;168254074,A,1
2;168566150,G,0
2;168816526,T,0
2;169021742,A,1
2;169772923,C,0
2;169780885,C,1
2;169800233,C,0
2;169959311,C,0
2;170062977,C,0
2;170300007,T,0
2;171206891,T,0
2;171287710,G,1
2;171675995,A,0
2;171676799,C,0
2;172006576,T,0
2;173009154,T,0
2;173129336,G,1
2;173689863,T,1
2;173831163,C,1
2;174118046,G,1
2;174341158,T,1
2;174677933,T,1
2;174896510,T,0
2;175004250,T,0
2;175119534,A,1
2;175487267,A,1
2;175636428,T,0
2;175982957,G,0
2;176527332,T,0
2;176552298,T,1
2;176646367,T,0
2;177371627,A,0
2;177678868,G,1
2;177840193,G,0
2;178479422,G,0
2;178788488,G,1
2;178794039,G,1
2;179414318,T,0
2;179672711,C,0
2;180006052,A,0
2;180154905,C,0
2;180278564,G,1
2;180518155,G,1
2;180670922,T,1
2;180736837,C,0
2;180888429,G,1
2;181087969,A,0
2;181492355,T,1
2;181521287,G,0
2;181771994,G,0
2;181875025,G,0
2;182095595,C,1
2;182329460,T,0
2;182805600,C,0
2;182942451,G,0
2;183206834,G,0
2;183304777,T,1
2;183632923,C,0
2;183812553,A,1
2;183819892,A,0
2;184074201,G,0
2;184357308,G,0
2;185606104,A,0
2;185992567,C,1
2;186025368,C,1
2;187377481,G,0
2;187560308,C,0
2;188327904,G,0
2;188814444,C,0
2;189723976,C,0
2;189999011,C,1
2;190150205,C,0
2;190528996,T,1
2;190538582,T,0
2;190835473,A,0
2;191306726,G,1
2;191929278,C,0
2;191931129,G,0
2;191974435,C,1
2;192230877,A,0
2;193713164,C,0
2;194436690,G,0
2;194619409,C,0
2;194715328,C,0
2;195167042,A,0
2;195296472,C,0
2;195867032,T,0
2;196309536,A,1
2;196493768,T,1
2;197057862,T,1
2;197080981,A,0
2;197202726,A,0
2;197352884,G,0
2;199110813,T,1
2;199352041,T,0
2;199352044,C,1
2;199712512,C,0
2;199947074,G,1
2;200053196,A,1
2;200059788,T,0
2;200301157,A,0
2;200313323,C,1
2;200543236,T,0
2;200966227,T,0
2;201325033,T,0
2;201713454,C,1
2;202558687,T,0
2;202787122,A,0
2;202835148,C,1
2;203265642,T,0
2;203664244,T,1
2;203975958,T,0
2;203999482,C,0
2;204099222,G,0
2;204309325,A,1
2;204693876,T,1
2;205057887,G,1
2;205088050,G,0
2;205534784,C,0
2;205620551,G,0
2;206067157,G,0
2;206160878,T,1
2;206185567,C,1
2;206604429,A,1
2;206787733,C,1
2;207587317,C,1
2;207630093,A,0
2;207798923,G,0
2;208031315,T,1
2;208087139,T,1
2;208119607,A,1
2;208387685,C,0
2;208605594,C,0
2;208780474,T,0
2;209316760,G,1
2;209745017,G,0
2;209992353,T,0
2;210014699,G,0
2;210053781,A,1
2;210451048,T,1
2;210494939,A,1
2;211544114,C,0
2;211647290,G,0
2;211765309,G,0
2;212167904,G,1
2;212627805,G,1
2;212650162,G,0
2;213328749,T,0
2;213702860,G,0
2;213793411,T,0
2;214038302,G,1
2;214065112,C,0
2;214807307,A,0
2;214929465,C,0
2;215406125,C,1
2;215748105,C,1
2;216130934,T,1
2;216755489,C,0
2;216821900,T,0
2;216825842,T,0
2;217144907,A,0
2;217545414,A,0
2;217728801,T,1
2;217830048,C,0
2;218164774,C,0
2;218695102,A,0
2;218705648,T,0
2;218789397,T,0
2;219846749,A,1
2;219910164,C,0
2;219941063,A,0
2;220113384,A,0
2;220356877,T,0
2;220970456,T,0
2;221074922,G,1
2;221150805,C,0
2;221795276,G,0
2;222027144,A,0
2;222068994,T,1
2;222175709,A,0
2;222194001,G,1
2;222263189,A,0
2;222575269,A,0
2;222700462,A,0
2;222895598,T,0
2;222976013,T,1
2;224087707,T,1
2;224360039,G,1
2;224800016,A,1
2;225115603,G,0
2;225330266,C,1
2;225514025,C,0
2;225597695,G,1
2;225851636,A,0
2;226086610,C,0
2;227078645,T,0
2;227424394,T,0
2;227558737,A,0
2;228069010,G,1
2;228201353,G,1
2;228210364,G,0
2;228378861,T,1
2;228840360,T,0
2;229021005,C,1
2;229174696,A,0
2;229970282,C,0
2;230042560,T,1
2;230070049,T,1
2;230234629,A,0
2;231707159,G,1
2;231800199,G,1
2;231825834,A,0
2;232161294,T,0
2;232193217,A,1
2;232823235,T,1
2;232938583,T,1
2;233122412,G,1
2;233812632,T,1
2;233827266,A,0
2;233932628,A,0
2;234530160,G,0
2;234534869,T,1
2;234565283,C,0
2;234584502,G,0
2;234617632,A,0
2;234638114,A,0
2;234791607,A,0
2;234953225,G,0
2;235051708,C,1
2;235078194,A,0
2;235347523,T,1
2;235375794,A,0
2;235463789,A,0
2;235534342,G,1
2;235626975,T,0
2;235730405,A,0
2;236067386,A,0
2;236072830,TT,0
2;236072831,G,1
2;236245610,A,0
2;236282724,T,0
2;236439683,C,0
2;237228869,A,0
2;237567999,T,0
2;238017470,A,0
2;238250502,T,0
2;238260701,A,0
2;238283472,G,0
2;238317822,C,0
2;238334279,A,0
2;238581009,C,1
2;238800874,C,1
2;238820048,A,0
2;239044789,C,0
2;239449867,T,0
2;239646741,G,0
2;239716129,G,0
2;239782657,C,1
2;239835244,C,1
2;239864027,G,0
2;239880410,G,1
2;240116168,T,1
2;240318755,T,0
2;240323661,A,1
2;241054352,C,1
2;241144009,G,0
2;241326933,A,0
2;241522267,T,1
2;241586810,A,1
2;241787322,T,0
2;241816545,T,1
2;242002828,T,1
2;242068388,T,1
2;242087712,G,1
2;242735943,C,0
2;242795350,G,0
8;174944,A,0
8;239671,C,1
8;441457,T,1
8;1143930,T,1
8;1240646,C,1
8;1302748,C,0
8;1603043,A,0
8;1857293,G,1
8;1939489,G,1
8;2001244,C,0
8;2001704,G,1
8;2029689,T,0
8;2067616,G,0
8;2105576,T,1
8;2147744,C,1
8;2469669,G,1
8;2582764,T,0
8;2875501,C,1
8;3027407,T,0
8;3093194,T,1
8;3476648,C,1
8;3517692,C,0
8;3706987,C,0
8;3771972,T,0
8;3859936,C,1
8;4008566,T,0
8;4014336,A,0
8;4170584,C,1
8;4345999,A,0
8;4468173,G,1
8;4496463,C,1
8;4675997,C,1
8;4687584,A,0
8;4816363,T,0
8;4886005,G,0
8;4946613,T,1
8;5222786,G,1
8;5679269,G,1
8;5692896,T,1
8;5764942,A,1
8;5900652,G,0
8;5909776,C,1
8;6031822,A,1
8;6037491,T,1
8;6270096,G,1
8;6335548,C,0
8;6400800,A,0
8;6575683,G,0
8;6610869,C,0
8;6634774,A,0
8;6668483,T,0
8;6712743,C,0
8;6742558,A,1
8;6783479,T,0
8;6896532,T,1
8;8554326,C,0
8;8610964,T,0
8;8902285,A,0
8;9056151,T,0
8;9085355,A,0
8;9154609,C,0
8;9154694,G,0
8;9435349,G,0
8;9534392,C,0
8;10025784,T,0
8;10108972,T,0
8;10152599,C,1
8;10250159,C,1
8;10396054,C,0
8;10520024,T,0
8;10859713,C,0
8;10937019,C,1
8;11219386,T,1
8;11247568,T,0
8;11306805,G,1
8;11492153,C,1
8;11661346,G,0
8;11688148,C,1
8;11713852,G,1
8;11813565,T,0
8;11864968,G,0
8;12700069,A,0
8;12866004,C,0
8;13202138,G,0
8;13495289,T,0
8;13604085,T,1
8;13625726,C,1
8;13639734,C,1
8;13729850,T,0
8;13798005,T,1
8;14043262,T,1
8;14047266,C,1
8;14157613,A,1
8;14337976,T,1
8;14392244,G,0
8;14890690,T,0
8;14999580,C,0
8;15007195,T,0
8;15086109,A,0
8;15151181,A,1
8;15260183,C,0
8;15334892,G,0
8;15601572,G,0
8;15673430,A,0
8;15718082,C,0
8;16003887,G,0
8;16057099,A,0
8;16669998,T,0
8;16725613,A,1
8;16796681,T,1
8;17186968,C,0
8;17222590,A,0
8;17463157,T,1
8;17484098,G,1
8;17564973,T,1
8;17571448,T,0
8;17737852,C,0
8;17992861,A,1
8;18088175,T,0
8;18256480,A,0
8;18304709,T,0
8;18357397,T,1
8;18617331,C,0
8;18919720,C,1
8;18967822,T,0
8;19103202,C,1
8;19128303,T,1
8;19137542,C,1
8;19279199,A,0
8;19540966,G,0
8;19802402,T,0
8;19985382,G,1
8;20016454,C,0
8;20071740,T,0
8;20088118,G,0
8;20224079,T,1
8;20719955,C,0
8;20809160,T,0
8;20902693,G,0
8;20917893,C,0
8;21006870,A,0
8;21569104,A,1
8;21983144,T,0
8;22003951,A,0
8;22263115,G,1
8;22492504,C,1
8;22698106,T,0
8;23161933,T,1
8;23470562,C,0
8;24703603,T,0
8;24920430,C,0
8;24958928,C,0
8;25134733,A,1
8;25165819,C,1
8;25457992,A,1
8;26514316,T,1
8;26943632,T,1
8;26996318,G,1
8;27021712,T,1
8;27080408,C,1
8;27729812,G,1
8;27880826,T,0
8;27927243,G,0
8;27967856,G,1
8;28345242,G,0
8;28912406,T,0
8;29470947,C,1
8;29589628,G,0
8;29648854,A,0
8;30419334,T,0
8;30959370,A,0
8;31097266,G,0
8;31132850,C,1
8;32192397,T,0
8;32214317,G,0
8;32613983,C,0
8;33136179,C,0
8;33195455,C,0
8;33565378,A,1
8;33933868,A,0
8;34770257,T,0
8;34892232,G,1
8;34949185,G,0
8;35861127,A,0
8;36281404,A,0
8;36957369,G,0
8;37003868,T,1
8;37390375,T,0
8;37803383,A,1
8;37841232,G,0
8;38036165,G,1
8;38540895,T,0
8;38610096,T,0
8;38847559,T,0
8;39251030,A,1
8;39910220,C,0
8;39978160,A,0
8;40383512,T,0
8;40385028,C,1
8;40494700,G,0
8;40565003,T,0
8;40881755,A,0
8;41298716,G,1
8;41435417,A,1
8;41640125,T,0
8;41641624,A,0
8;41983076,G,1
8;42574150,C,0
8;42727452,A,0
8;43745546,C,0
8;46886735,T,0
8;46939842,C,1
8;47064089,A,0
8;47135393,T,0
8;48394476,A,0
8;50019424,C,0
8;50058775,A,1
8;50189193,T,0
8;50921657,G,0
8;51210717,A,0
8;51533503,C,1
8;51681031,C,1
8;53039227,C,1
8;53103663,G,0
8;53355909,C,1
8;54068071,A,1
8;54307196,T,0
8;55058591,A,1
8;55460789,C,1
8;55803742,G,1
8;56004352,T,1
8;56305754,A,0
8;56506433,C,0
8;56526715,G,0
8;56609388,C,0
8;57753430,C,0
8;57864091,C,1
8;57942358,T,1
8;58051891,T,0
8;58640353,G,0
8;59034364,T,0
8;59884605,C,0
8;61036683,A,0
8;61153994,T,0
8;61764076,G,0
8;61811764,C,0
8;61854841,A,1
8;62074976,G,1
8;62330609,C,1
8;63142261,C,0
8;63500539,G,1
8;63678121,A,0
8;64118630,T,0
8;64168483,G,0
8;65595527,A,1
8;65608240,C,0
8;66078557,A,0
8;66200541,A,0
8;66287976,C,0
8;66326001,A,1
8;67194991,T,0
8;67492691,T,0
8;67543262,G,0
8;70007938,T,0
8;70015434,A,0
8;70611563,T,1
8;71158116,A,0
8;71391251,T,0
8;71454529,A,1
8;71582591,C,0
8;72830158,G,0
8;72914045,T,1
8;73000881,A,0
8;73045090,T,0
8;73127535,C,0
8;73690586,T,0
8;73939135,G,0
8;74498341,A,0
8;74707754,T,0
8;75197769,C,1
8;75245770,G,0
8;75349403,G,1
8;75378266,G,0
8;75674877,T,0
8;75726994,T,1
8;76009527,T,1
8;76362337,C,1
8;76419145,T,0
8;76465360,G,1
8;77514719,C,0
8;77943292,G,0
8;78196064,T,0
8;78498790,C,0
8;78605322,T,0
8;79877645,C,0
8;80365342,A,0
8;80821153,C,0
8;81058344,G,1
8;81816313,G,1
8;81883905,C,1
8;81922748,A,0
8;81928688,A,0
8;82263860,G,0
8;82308812,T,0
8;83033227,A,0
8;83621901,A,1
8;85062812,C,0
8;85162414,A,0
8;85319515,G,0
8;85626886,T,0
8;86374208,T,0
8;86505358,T,0
8;87106685,C,0
8;87125102,T,0
8;87568924,A,0
8;87782513,T,0
8;88132717,G,0
8;88984206,A,0
8;89119305,T,1
8;89737196,A,0
8;89917982,C,1
8;90141406,C,0
8;90372447,A,1
8;90400968,G,1
8;90960084,T,0
8;90970935,A,1
8;91594944,C,0
8;92044528,G,1
8;92118094,C,1
8;92358048,A,0
8;92402207,G,1
8;93167342,T,1
8;93567028,C,0
8;94158704,G,1
8;94411881,A,0
8;95666621,A,1
8;95782251,A,0
8;96285943,T,1
8;96446676,A,1
8;96801202,G,1
8;97140193,C,1
8;97518087,G,0
8;97523365,T,0
8;97614661,A,0
8;97860183,A,0
8;98599051,G,0
8;98692223,A,1
8;98849927,T,1
8;99015018,T,0
8;99259792,T,0
8;99553244,T,1
8;100493997,T,0
8;100528645,A,0
8;102423640,T,0
8;102489035,A,0
8;102891197,C,1
8;103054099,A,0
8;103056517,T,0
8;103305126,C,0
8;103545436,A,0
8;104281357,A,0
8;105337871,A,1
8;105351943,T,1
8;105468464,G,1
8;105832227,C,0
8;105890308,G,1
8;106733869,G,0
8;106899886,T,0
8;107273895,A,0
8;107874800,T,0
8;107952861,C,0
8;107987911,A,1
8;108422946,A,1
8;108603343,G,1
8;108772269,C,1
8;108926546,T,1
8;109159322,A,0
8;109539847,A,1
8;109802217,C,0
8;110194354,T,1
8;111176772,C,1
8;111342240,A,1
8;111354022,A,0
8;111665054,T,0
8;111842653,C,0
8;112290740,A,1
8;112528407,C,1
8;112661852,T,0
8;114399612,G,1
8;114571770,A,0
8;114860128,C,0
8;114909924,A,0
8;114939697,G,0
8;114948828,A,1
8;115474758,A,0
8;115534782,A,0
8;115934365,G,1
8;116735337,T,0
8;116776330,T,0
8;116907770,T,0
8;117073654,T,0
8;118196803,G,1
8;118237145,G,0
8;118311980,G,1
8;118332179,A,1
8;118368791,C,0
8;118713826,C,0
8;118718840,G,1
8;118813500,C,0
8;119217328,A,0
8;119383026,C,0
8;119407926,A,0
8;119532300,G,1
8;119837151,G,0
8;120121084,G,1
8;120259928,T,1
8;120701433,A,0
8;121280431,A,0
8;121785678,C,0
8;121971039,C,1
8;122383140,A,0
8;122619283,T,1
8;122689288,T,1
8;122838008,C,0
8;122989850,T,1
8;123009699,A,0
8;123132855,C,1
8;123456229,G,1
8;123464305,A,1
8;123670996,A,1
8;123817194,C,1
8;123877155,A,0
8;125236386,T,1
8;125624170,C,1
8;125728476,T,0
8;125728717,T,0
8;125815850,C,0
8;126504726,C,1
8;126532529,G,1
8;127292756,A,1
8;127477665,G,1
8;127513350,C,0
8;128236439,T,0
8;128376801,C,0
8;128429721,C,1
8;128520463,A,0
8;128671515,A,1
8;128718068,T,1
8;129114007,A,1
8;129157468,C,1
8;129642367,C,0
8;130024642,G,0
8;130386915,C,0
8;130461485,G,0
8;130723728,G,1
8;130828900,T,0
8;131064299,T,1
8;131337836,C,0
8;131650003,A,0
8;131866339,A,0
8;131915271,G,0
8;132953465,T,1
8;133033089,T,1
8;133046303,G,1
8;133925209,G,1
8;134061712,A,0
8;134084800,A,1
8;134193853,G,0
8;134203245,C,0
8;134218500,A,1
8;134230644,T,0
8;134489702,G,0
8;134885463,A,0
8;134940377,G,0
8;134942372,A,0
8;135038241,C,0
8;135169259,C,0
8;135174629,T,0
8;135220622,T,0
8;135412090,A,1
8;135442374,T,1
8;135672347,G,0
8;137044987,T,0
8;137402605,T,0
8;137678751,C,0
8;137791478,A,0
8;137894507,A,0
8;138204165,G,0
8;138429552,C,1
8;138651018,G,0
8;138833669,A,0
8;139140364,G,0
8;139680800,G,0
8;139844792,C,1
8;139998367,T,1
8;140021020,G,0
8;140481194,G,0
8;140748853,C,1
8;140927113,C,0
8;140937473,C,1
8;141046173,C,0
8;141266513,C,0
8;141458494,A,1
8;141525327,G,0
8;141593627,A,0
8;142363071,C,1
8;142382757,C,0
8;142524031,T,0
8;142597869,A,0
8;142924017,G,1
8;143182515,A,1
8;143232438,T,0
8;143235334,C,0
8;143300157,T,1
8;143798269,A,0
8;143824373,G,0
8;143928233,T,1
8;143954223,A,1
8;144599320,G,0
8;144696087,A,0
8;144975935,T,0
8;145004237,T,0
8;145739506,T,0
8;146000421,A,1
8;146067054,A,1
8;146218509,T,1
8;146235564,C,0
14;20214907,C,0
14;20416934,A,0
14;20692188,C,0
14;20761616,G,1
14;20780367,G,0
14;20880660,A,1
14;21357547,A,0
14;21467111,G,0
14;21989652,G,0
14;22435690,G,0
14;22470319,A,1
14;22686975,C,0
14;22699483,C,0
14;23553110,C,1
14;23682170,C,0
14;23790059,C,1
14;23873302,G,0
14;23907684,C,0
14;24112309,G,0
14;24189966,T,0
14;24189975,C,0
14;24215497,T,0
14;24352312,G,1
14;24501100,T,1
14;24506975,A,0
14;24929318,C,1
14;25100933,T,0
14;25210937,G,0
14;25313964,A,0
14;25579672,A,0
14;26092070,C,1
14;26110326,A,0
14;26526874,C,0
14;26590096,C,1
14;26610421,T,0
14;26639686,T,0
14;26801713,G,1
14;27624500,C,1
14;29511482,C,0
14;30454138,G,0
14;30486324,A,0
14;30554964,G,0
14;30593428,A,0
14;30662307,C,0
14;30905631,T,1
14;31018987,G,0
14;31802882,T,1
14;31906602,A,0
14;31990259,C,1
14;32229751,T,0
14;32388581,T,1
14;32460060,G,1
14;32521898,A,0
14;32697327,C,0
14;32782568,G,0
14;32850171,G,1
14;32937567,C,0
14;33063248,T,1
14;33450567,G,0
14;33462453,T,1
14;33504047,A,0
14;33530797,G,1
14;33728007,G,0
14;33868242,C,0
14;34067944,G,0
14;34111055,C,1
14;35137417,T,0
14;35157267,G,1
14;35271874,T,0
14;35575513,T,0
14;36441858,C,0
14;36455701,A,1
14;36487078,G,0
14;36642641,G,0
14;38478841,T,0
14;38536173,T,1
14;38839789,T,1
14;38859403,A,1
14;38965949,G,0
14;39802186,C,1
14;39816781,T,0
14;39902610,A,0
14;40014117,T,0
14;40034791,C,0
14;40110065,T,0
14;40206769,G,0
14;40336296,C,1
14;40434531,C,0
14;40437979,G,0
14;42046163,C,1
14;42670320,T,0
14;42838981,A,1
14;42925903,G,0
14;43639276,T,0
14;44351331,T,0
14;44691076,G,1
14;44895451,C,1
14;45143068,C,0
14;45717041,G,1
14;45812811,G,0
14;45858083,C,0
14;46592058,G,0
14;46828381,T,0
14;46957247,G,1
14;47074110,T,0
14;47269577,G,1
14;47310983,C,0
14;47425203,C,1
14;47863492,A,0
14;47882031,T,1
14;48041708,A,0
14;48352461,T,0
14;48730509,T,0
14;49657524,A,0
14;49969327,C,0
14;50042768,C,0
14;50199169,A,1
14;50280630,C,0
14;50883831,G,0
14;51276009,A,0
14;51444918,G,0
14;51444979,T,0
14;51446216,G,1
14;51537693,C,1
14;51586268,C,0
14;51830426,C,0
14;51855412,G,0
14;52096443,C,0
14;52244332,G,0
14;52367454,G,0
14;52382815,C,0
14;52531995,A,0
14;52571583,C,0
14;52574374,G,0
14;52767109,G,0
14;53159576,G,0
14;53195450,T,0
14;53224997,G,0
14;53366613,A,0
14;53899299,A,0
14;54168821,T,0
14;54190811,T,0
14;54290830,C,0
14;54451302,G,1
14;54590343,C,1
14;55105024,C,1
14;55190709,C,0
14;55205091,A,0
14;55821528,A,0
14;56025800,T,1
14;56604955,C,0
14;57006233,A,0
14;57323701,C,0
14;57592515,T,0
14;58221573,A,0
14;58515556,G,1
14;58784455,G,0
14;58802008,G,0
14;58894577,C,1
14;59222209,C,0
14;59265824,C,0
14;59588471,C,0
14;59975810,C,1
14;60569491,A,1
14;60732055,A,0
14;61981764,A,1
14;62021879,G,1
14;62023264,C,1
14;62137662,A,1
14;62185295,A,1
14;62239572,G,1
14;62627546,T,0
14;63142821,C,0
14;63198572,T,1
14;64197487,A,0
14;64564186,G,0
14;65053999,C,0
14;65160046,C,0
14;66395233,C,0
14;66519062,G,1
14;66626407,C,1
14;66898156,T,1
14;67573141,T,0
14;67825097,C,0
14;67996723,A,1
14;68080560,T,0
14;68303082,T,0
14;68591294,C,0
14;68599492,C,1
14;68621818,G,1
14;68767972,T,1
14;68862764,G,1
14;68974277,G,1
14;68976010,T,1
14;69027866,G,0
14;69331123,A,0
14;69359979,A,0
14;69775860,G,1
14;69780678,T,0
14;69853073,C,0
14;70221404,T,0
14;70254327,A,0
14;70345713,T,0
14;70567894,A,1
14;71357970,C,0
14;71441385,G,1
14;71695665,A,1
14;71950186,G,0
14;71988621,G,0
14;72456511,A,0
14;72818218,C,0
14;73155735,C,0
14;73203803,C,0
14;73206979,T,1
14;73722277,G,1
14;74378202,A,0
14;74809096,C,0
14;74976852,A,0
14;75432179,T,1
14;75545685,A,0
14;76329851,T,0
14;77133265,A,1
14;77323782,A,0
14;77542494,A,1
14;77845121,G,1
14;77977493,G,1
14;78088985,A,0
14;78397448,G,0
14;78870204,C,0
14;79184350,A,1
14;79328684,A,0
14;79508565,T,0
14;79727663,A,1
14;79901283,T,0
14;80252676,G,0
14;80373231,A,0
14;80512799,G,0
14;80579214,T,1
14;80642872,A,0
14;80881760,T,0
14;81110063,A,0
14;81113872,T,0
14;81451229,T,0
14;81661050,C,0
14;82042781,G,0
14;82644340,T,0
14;82967103,G,0
14;83033885,G,0
14;83239164,A,0
14;83300106,C,0
14;83617013,T,0
14;83637943,C,1
14;83665111,T,0
14;83768807,A,0
14;83793878,A,0
14;84087729,A,0
14;84100893,A,0
14;84585354,T,1
14;84673336,A,1
14;84795811,A,0
14;86145047,C,1
14;86284754,G,1
14;86381187,T,1
14;88005024,C,1
14;88222636,G,1
14;88349218,T,1
14;88404715,C,0
14;88731117,T,0
14;88934399,A,0
14;88935925,G,1
14;89003662,T,0
14;89411849,A,0
14;89530904,A,1
14;89751443,T,0
14;90208263,A,1
14;90377314,T,1
14;90451500,G,0
14;90508766,G,0
14;90570376,A,1
14;90735707,G,1
14;91015725,T,0
14;91251583,T,0
14;92105643,A,0
14;92465749,T,0
14;92986145,A,0
14;93116124,G,0
14;93218479,T,0
14;93400879,G,0
14;94219733,T,1
14;94231166,T,0
14;94297613,G,0
14;94365712,A,1
14;94672731,C,0
14;94843818,G,1
14;94844470,A,0
14;94856262,T,1
14;94877346,G,1
14;94912799,A,1
14;95205702,A,0
14;95242574,G,1
14;95286458,C,0
14;95334418,G,0
14;95350355,T,0
14;95372720,A,0
14;95683892,C,1
14;95912987,T,1
14;95992431,T,0
14;96051985,T,0
14;96326199,G,1
14;96547786,A,1
14;97153102,C,0
14;97994090,T,0
14;98266548,C,0
14;98679536,G,0
14;98894453,A,1
14;99056890,T,1
14;99085666,G,0
14;99085669,T,1
14;99094993,C,1
14;99153919,A,0
14;99234190,C,0
14;99312649,T,0
14;99573405,C,0
14;99581487,G,0
14;99646133,C,1
14;99934919,G,0
14;100082470,C,0
14;100213911,T,1
14;100538217,A,0
14;100784970,T,1
14;100892953,A,0
14;100945021,G,0
14;101533384,T,0
14;101568230,T,1
14;101637798,A,1
14;101701233,G,1
14;101965626,A,0
14;102667188,A,0
14;103603569,T,1
14;103613192,C,1
14;103677463,G,0
14;103994961,C,0
14;104200836,T,0
14;105407798,C,1
14;105414316,A,0
14;105472100,A,0
14;107240991,T,1
12;341392,T,1
12;428131,T,0
12;1206461,T,0
12;1432336,T,1
12;1432337,G,1
12;1523459,C,0
12;1611894,A,1
12;1634168,C,1
12;1848264,C,0
12;1868527,G,0
12;1916770,G,0
12;2159593,T,0
12;3264901,A,0
12;3743328,A,1
12;3816152,G,1
12;3868868,C,1
12;4303153,G,1
12;4408917,T,0
12;4906425,G,0
12;5282279,C,1
12;5476818,C,1
12;5845668,C,1
12;6561097,A,0
12;6870598,A,1
12;6880474,G,1
12;10061112,A,1
12;10315797,G,0
12;10755445,A,0
12;10876337,T,1
12;10954383,A,0
12;11149711,A,1
12;11164102,C,1
12;12314602,A,1
12;12434701,C,1
12;12704027,C,0
12;12714102,C,1
12;13014815,C,1
12;13092583,A,0
12;13126372,T,1
12;13187985,C,1
12;13571348,T,0
12;13579603,T,0
12;13723853,G,1
12;13826313,T,0
12;14352318,G,1
12;14628069,G,0
12;14966165,A,0
12;16516994,A,0
12;16773372,A,0
12;17423529,C,0
12;17644775,A,1
12;17771866,A,0
12;18264627,G,0
12;18449427,A,1
12;18473729,C,0
12;19025627,A,1
12;19110349,A,1
12;19406469,A,0
12;19740225,A,1
12;19997502,G,1
12;20377178,G,0
12;20735648,T,0
12;20794094,T,0
12;20794095,G,1
12;20876227,C,0
12;21103571,G,1
12;21483713,C,0
12;21982920,T,0
12;22013896,G,0
12;22475724,G,0
12;23277010,A,1
12;23389839,T,0
12;23411093,C,0
12;23757164,G,1
12;24001905,T,0
12;24210599,C,0
12;24238010,T,1
12;24845177,A,0
12;25160102,G,1
12;25239864,C,0
12;25397063,A,0
12;25557761,A,1
12;25589208,G,1
12;26096921,A,1
12;26398707,T,1
12;26426420,C,1
12;26446625,C,0
12;26595458,C,1
12;26632596,A,1
12;26648307,G,0
12;26853949,A,0
12;27723276,G,1
12;27914448,G,0
12;27998040,C,0
12;28115941,T,1
12;28127976,T,0
12;28129378,G,1
12;28942578,T,0
12;29115400,C,0
12;29655637,T,1
12;29927198,T,1
12;30114417,A,0
12;30244706,T,0
12;30735927,G,0
12;31135478,C,1
12;31411199,G,0
12;32145000,G,1
12;32346897,T,0
12;32436409,G,1
12;32593393,A,0
12;32762242,G,0
12;32871231,A,0
12;33023542,C,0
12;33058258,C,1
12;33692628,G,0
12;33986111,T,0
12;37942622,C,1
12;38787002,A,0
12;38919524,C,0
12;40296740,T,1
12;40496733,A,0
12;40498190,A,0
12;40653510,A,0
12;40713834,A,1
12;40789571,C,0
12;41339907,G,1
12;42009312,G,1
12;42156353,T,0
12;42183510,T,0
12;42346846,A,1
12;42481732,A,0
12;42528698,G,0
12;43275566,G,1
12;43441512,C,0
12;43547599,A,1
12;43984228,A,0
12;44785262,C,0
12;44834254,A,0
12;45146876,C,0
12;45233805,C,0
12;45396250,T,0
12;45525385,A,0
12;45675784,T,0
12;46370636,G,0
12;46514300,C,1
12;46521193,C,1
12;46562674,C,1
12;46661387,G,1
12;47383323,A,0
12;47548076,C,1
12;47735400,T,1
12;48009513,T,0
12;48145456,A,0
12;48150951,G,1
12;48366547,A,0
12;48368989,C,1
12;48935999,T,1
12;49173152,C,0
12;49667921,C,0
12;50316818,G,0
12;50860317,G,0
12;51580219,C,0
12;52079506,C,1
12;52091991,A,1
12;52102852,G,0
12;52221585,T,0
12;52286776,G,1
12;52641128,A,1
12;52732945,A,1
12;52741736,T,0
12;52823214,G,0
12;52841174,T,0
12;53003059,T,0
12;53123269,G,1
12;53345296,C,0
12;53811034,C,0
12;53822670,A,0
12;53960189,G,1
12;54110197,G,1
12;54277756,A,1
12;54355209,T,0
12;54972843,G,0
12;55507465,C,1
12;55639798,C,1
12;56031992,A,1
12;56069231,A,1
12;56098038,T,0
12;56307875,C,0
12;56915782,A,1
12;57006998,C,0
12;57593894,G,1
12;57603417,G,0
12;57679030,T,0
12;57898942,A,1
12;57975155,C,0
12;58283959,T,0
12;58379183,T,0
12;58669612,C,0
12;58740655,A,1
12;59036142,G,0
12;59261262,G,1
12;59501289,A,0
12;60252668,T,0
12;60908357,G,1
12;60985044,G,1
12;61343384,A,1
12;61885106,T,0
12;61926658,C,1
12;61991238,T,0
12;62289163,T,1
12;62983143,T,0
12;63040272,C,1
12;63068496,G,1
12;63543693,T,0
12;63788790,A,0
12;64166573,A,0
12;64246666,A,1
12;65234328,G,1
12;65261523,T,0
12;65418908,A,0
12;65920701,A,0
12;66139696,A,1
12;66326943,G,1
12;66658641,T,1
12;66677815,T,0
12;66759369,C,1
12;66879842,T,0
12;66933149,T,0
12;66999728,G,0
12;67078762,C,1
12;67254682,C,0
12;67289743,C,0
12;67508254,G,1
12;67955566,A,0
12;68658034,G,1
12;68691193,A,0
12;69149833,T,0
12;69154362,T,0
12;69235406,A,1
12;69411195,A,1
12;69578953,C,1
12;69614374,A,0
12;70226825,A,0
12;70448434,A,1
12;70997707,A,0
12;71016340,T,0
12;71043802,G,1
12;71236610,A,1
12;71276015,C,0
12;71736740,G,1
12;71748290,T,1
12;72180735,G,0
12;72706388,A,0
12;73476395,G,0
12;73496096,G,1
12;74266615,T,0
12;75155034,C,1
12;75421038,T,1
12;75423840,G,0
12;75458164,C,0
12;75521094,T,0
12;75554059,G,1
12;75741583,T,0
12;75989471,G,0
12;76041281,G,0
12;76089542,A,0
12;76230350,T,1
12;76518674,G,0
12;76573858,T,0
12;76862814,T,0
12;76990597,A,0
12;77443248,A,0
12;77769644,G,1
12;78221974,C,0
12;78250687,A,0
12;78842017,C,0
12;80614598,G,0
12;80726708,C,0
12;80804476,C,1
12;81141782,G,1
12;81268932,C,1
12;82119514,C,0
12;82318378,G,1
12;82456197,A,0
12;82545203,A,0
12;82795006,G,0
12;82912482,G,0
12;83220039,C,0
12;83508431,G,0
12;83552008,A,0
12;83962099,T,1
12;84213699,G,1
12;84238955,A,1
12;84790507,C,1
12;84840964,G,1
12;85330496,G,0
12;85864005,C,0
12;86544172,A,1
12;86598519,G,1
12;87376383,G,0
12;87509441,A,0
12;87958748,T,0
12;88052951,T,0
12;88385522,C,0
12;88580274,G,1
12;88754155,G,0
12;89518277,G,0
12;89740864,C,0
12;89935836,T,0
12;90241339,A,1
12;90460256,A,0
12;90660341,A,0
12;90773843,T,0
12;90849738,T,0
12;91022310,T,1
12;91430791,G,1
12;91752995,G,1
12;91780162,T,1
12;91827930,C,1
12;93089257,A,0
12;93394964,T,0
12;93796752,T,0
12;93862454,T,1
12;93898858,C,0
12;94640239,A,0
12;94654986,A,0
12;94942310,C,1
12;95263669,A,0
12;95316317,T,0
12;95472089,A,1
12;95878179,C,0
12;95927037,G,0
12;96583858,A,0
12;96964170,G,0
12;97434220,C,1
12;97772328,A,1
12;98004534,G,0
12;98042497,G,0
12;98337096,G,0
12;98584628,T,0
12;98767700,T,0
12;98871357,C,0
12;99108288,G,0
12;99305696,A,0
12;100013147,T,1
12;100657464,C,0
12;100864393,G,1
12;101239955,G,0
12;101486365,G,0
12;101896274,T,0
12;102022884,C,1
12;102042213,G,0
12;102343853,T,1
12;102599892,T,0
12;102856474,G,1
12;103106701,T,0
12;103506481,C,0
12;103866808,A,0
12;103942714,C,1
12;104089232,C,0
12;104148799,A,0
12;104251172,T,0
12;104893186,G,0
12;105130313,T,0
12;105139890,A,0
12;106417425,T,0
12;106838340,C,1
12;107471357,C,0
12;107655811,T,0
12;107730315,A,0
12;107918321,A,0
12;107940556,T,0
12;108501820,G,0
12;108588406,C,0
12;108739384,A,1
12;108930109,G,1
12;109232153,T,0
12;109888779,A,1
12;110101736,A,0
12;110228055,T,1
12;110385079,T,0
12;110622224,G,0
12;110928719,G,0
12;111639456,C,1
12;111911285,C,1
12;112093078,T,1
12;112189001,A,0
12;113017059,C,0
12;113232964,C,0
12;113259331,C,1
12;113737225,A,0
12;113834864,C,1
12;114121215,C,0
12;114154734,A,0
12;115414784,G,0
12;115664173,C,0
12;115886061,T,0
12;116176494,A,1
12;116253483,G,0
12;116557232,A,0
12;116632367,T,0
12;116699675,C,0
12;116787235,C,1
12;116837183,A,1
12;116931183,C,0
12;117057313,C,1
12;117623972,A,0
12;118007628,C,1
12;118134273,C,1
12;118153788,A,0
12;118239673,A,0
12;118575096,C,0
12;119846661,T,1
12;119958215,C,0
12;119995001,C,1
12;120037030,T,1
12;120155577,A,1
12;120470467,T,0
12;120565188,A,1
12;120623308,G,0
12;120894318,A,1
12;121017243,C,1
12;121083279,A,0
12;121175984,C,1
12;121432117,C,0
12;121691096,A,0
12;122075917,C,1
12;123208929,T,0
12;123386692,T,0
12;123504567,T,0
12;123975815,A,0
12;124345165,A,1
12;124743918,G,0
12;125096584,A,0
12;125434716,A,0
12;125484851,G,0
12;126081391,T,0
12;126360721,A,0
12;126615021,G,1
12;126954229,A,0
12;127196292,T,1
12;127255378,T,0
12;127328626,A,1
12;128022828,G,0
12;128058634,A,1
12;128455789,T,1
12;128642674,C,1
12;128678731,A,1
12;128988240,A,0
12;129010091,A,0
12;129018597,G,1
12;129082203,A,1
12;129432374,C,0
12;129530367,A,1
12;129538093,A,1
12;129591990,G,0
12;129592683,G,0
12;129604475,G,0
12;129866581,T,0
12;129929932,G,0
12;130007402,C,1
12;130017793,A,0
12;130075188,T,1
12;130304313,C,0
12;130525699,C,0
12;130623509,T,1
12;130704950,T,1
12;131189654,A,1
12;131202148,A,1
12;131717006,A,0
12;131770243,G,1
12;132093024,A,1
12;132181387,C,0
12;132187959,T,0
12;132238519,T,0
12;132919976,C,1
12;133020339,C,0
12;133061925,G,1
12;133341344,C,1
12;133687130,T,0
12;133702615,A,1
4;1165130,T,1
4;1165131,T,0
4;1415698,T,1
4;1671712,A,0
4;1796079,T,0
4;1961137,A,1
4;2047721,T,0
4;3267074,C,0
4;3828622,A,1
4;4202801,A,1
4;4266026,A,0
4;4285725,T,1
4;4615708,G,1
4;4784151,G,1
4;4807426,A,0
4;5115459,G,0
4;5309317,G,0
4;5506755,A,0
4;5658400,C,1
4;5779507,A,0
4;6065298,C,1
4;6227628,T,0
4;6280822,A,0
4;6423001,C,0
4;6690516,A,1
4;6842075,A,0
4;7007461,A,0
4;7401228,T,0
4;7434780,A,1
4;7495484,A,1
4;7547490,G,1
4;7759940,T,0
4;7800345,C,1
4;7960790,T,1
4;7984040,G,0
4;8195196,A,0
4;8325393,T,0
4;8650824,T,0
4;8712254,T,0
4;9945792,C,0
4;9982330,G,1
4;10204421,T,0
4;10498830,A,0
4;10609118,T,1
4;10688084,C,1
4;10722080,G,0
4;10955842,T,1
4;11153270,T,0
4;11470916,C,0
4;12090427,C,0
4;12127680,C,0
4;13056251,A,1
4;13130251,T,1
4;13753317,G,0
4;13952682,C,1
4;14116165,C,1
4;14121922,C,0
4;14121924,C,1
4;14314054,C,0
4;14363401,T,0
4;14594724,A,1
4;15074103,T,0
4;15960246,G,1
4;16386573,G,1
4;16506826,T,0
4;16653326,C,1
4;16712887,G,0
4;17271720,G,0
4;17563370,A,0
4;18665579,C,1
4;19060638,A,1
4;19810968,G,1
4;20055540,C,0
4;20380257,T,1
4;20516341,C,0
4;20652297,T,0
4;20961238,G,0
4;21160249,C,0
4;21189186,C,1
4;21504613,A,1
4;21866646,T,1
4;21911659,C,0
4;22036251,C,1
4;22505372,A,0
4;22710720,T,0
4;23474609,A,0
4;23587465,G,1
4;23760299,A,1
4;24025273,A,0
4;24151604,C,1
4;24317057,A,0
4;24486378,T,0
4;24801315,A,1
4;24804238,G,1
4;25058619,C,1
4;25408838,A,0
4;25451425,C,1
4;25523883,T,0
4;25584201,A,1
4;26092005,C,1
4;26146828,G,0
4;26395421,C,0
4;27101037,T,0
4;27326253,A,1
4;27493123,C,0
4;28170349,T,0
4;28378913,G,0
4;28478119,G,0
4;28525185,A,0
4;28547108,T,0
4;28754620,A,0
4;28816220,A,0
4;28948750,C,1
4;28993442,A,1
4;29211848,G,0
4;29638883,A,1
4;29992290,G,0
4;30391661,A,1
4;31211978,G,0
4;32318578,A,0
4;33082647,A,0
4;33443157,A,0
4;33641623,C,0
4;33905994,A,1
4;34351371,G,0
4;34902615,T,1
4;35008591,C,1
4;35248942,A,1
4;35283461,T,1
4;36011531,A,0
4;36292018,A,1
4;36671810,T,1
4;37065986,A,1
4;37362468,T,0
4;37400306,C,0
4;37445315,A,0
4;37586427,T,1
4;37697032,G,0
4;37904089,T,0
4;38582859,C,1
4;38774889,C,0
4;39232111,A,0
4;39944345,G,0
4;40057909,C,1
4;40171255,T,0
4;40485571,A,0
4;40579294,G,1
4;40635372,T,1
4;40865001,T,0
4;40972786,A,0
4;41269193,G,0
4;41709538,C,0
4;41733493,C,0
4;41977766,A,1
4;42725751,C,0
4;43058792,A,0
4;43165682,T,1
4;45004987,T,1
4;45073989,C,1
4;45227538,G,0
4;45626526,C,1
4;46084417,G,1
4;46192777,G,1
4;46227997,T,0
4;46564796,T,0
4;46683061,C,1
4;47064444,T,0
4;47669435,C,1
4;48189710,A,1
4;48371518,C,1
4;48886730,A,1
4;53680090,G,1
4;54000949,G,1
4;54221952,G,1
4;54297520,G,0
4;54560039,G,1
4;55233465,T,0
4;55522488,T,1
4;55572944,G,0
4;55867789,A,1
4;57526994,A,0
4;58368068,C,1
4;58484885,T,0
4;58662671,T,1
4;58750042,A,1
4;58793000,C,0
4;58913253,C,0
4;58946946,C,0
4;59275246,C,0
4;59843855,A,0
4;60193870,T,1
4;60442490,C,1
4;60606655,C,0
4;61210812,A,0
4;61402680,A,0
4;61809210,G,1
4;61821524,C,1
4;62835607,T,0
4;63343506,T,0
4;63542320,T,0
4;63568502,T,0
4;63713604,C,1
4;63887331,C,0
4;64228349,T,0
4;64238559,G,0
4;64316145,C,0
4;65529001,C,0
4;66203603,T,0
4;66231686,T,0
4;66481758,T,0
4;66597165,T,1
4;66597539,T,0
4;67471682,G,0
4;67791466,T,1
4;67906156,A,0
4;68241302,T,0
4;68458808,A,0
4;69595144,A,0
4;69687964,A,1
4;69862918,A,0
4;70003963,C,0
4;70341165,G,0
4;70520830,C,1
4;70714488,G,1
4;70980547,T,1
4;71050205,G,1
4;71311646,A,1
4;71479454,A,0
4;72237431,T,0
4;72310259,G,0
4;72905089,A,1
4;73156968,G,0
4;73200125,T,0
4;73255740,T,1
4;73458117,C,0
4;73578725,A,1
4;73812806,C,0
4;74167117,A,0
4;74607055,T,1
4;74737930,A,1
4;75194408,C,0
4;75216896,A,0
4;75609361,C,0
4;75747264,A,0
4;75971764,T,0
4;76213223,T,1
4;76585975,T,0
4;76740520,T,0
4;76974985,G,1
4;77030147,A,1
4;77360431,A,0
4;77440267,C,1
4;77471639,G,0
4;77545874,G,0
4;77754619,C,1
4;78165237,T,0
4;78732149,G,1
4;79077175,T,0
4;79416629,T,1
4;79612009,G,0
4;79713515,A,0
4;79973889,C,1
4;80255322,C,1
4;80316417,A,0
4;80349585,C,0
4;80884522,C,0
4;81331808,G,0
4;82067196,T,0
4;82177462,C,1
4;82232891,T,0
4;82306792,T,0
4;82441375,G,0
4;82445334,G,1
4;82685290,C,1
4;82878952,A,0
4;83018077,G,1
4;83421896,C,0
4;83602150,T,1
4;83719944,A,0
4;84857106,C,0
4;84975437,A,1
4;85289117,G,1
4;86716478,T,0
4;86910485,T,0
4;86937874,T,1
4;86979583,T,1
4;87404608,G,1
4;87684031,G,1
4;87964363,G,1
4;88311707,C,0
4;88766969,G,0
4;88999306,G,1
4;89026428,C,0
4;89423800,A,0
4;90124654,G,0
4;90350064,T,1
4;90614523,A,0
4;90761412,C,1
4;90799451,A,0
4;90912225,T,1
4;90958245,A,0
4;91320056,A,0
4;91591467,T,0
4;91976983,T,0
4;92918892,T,0
4;93675391,A,0
4;94583840,C,1
4;94718164,A,0
4;95255212,C,0
4;96104799,C,1
4;96342237,A,1
4;96424923,G,0
4;97653130,G,1
4;97873450,T,0
4;98200637,T,1
4;98431402,T,0
4;98547717,T,1
4;99745705,C,0
4;100246937,T,1
4;100279824,T,0
4;100791163,C,0
4;101005318,G,1
4;102396292,G,1
4;102822654,G,1
4;103091829,G,0
4;103361761,C,0
4;103486216,T,0
4;103516811,C,1
4;103527068,A,0
4;104354925,T,0
4;105515423,A,1
4;105778330,A,0
4;105942807,A,1
4;106061199,T,0
4;106151843,C,1
4;106297630,C,0
4;106372860,G,0
4;106410443,G,0
4;106573131,A,0
4;106879592,G,0
4;107820333,T,0
4;107956905,G,1
4;108091379,A,0
4;108537766,G,1
4;108574393,T,0
4;108825559,G,0
4;109182392,G,1
4;109192061,C,0
4;109660715,C,0
4;109898846,T,1
4;110374937,A,0
4;110892012,G,1
4;110989719,T,1
4;111097851,G,0
4;111109760,C,0
4;111182292,A,1
4;111727485,A,1
4;111734136,C,1
4;112323147,T,1
4;112946958,T,0
4;113267438,T,1
4;113912003,C,0
4;113912049,T,1
4;114703071,G,0
4;116583357,C,0
4;116917134,T,1
4;116954348,T,0
4;117135380,T,1
4;117484979,A,0
4;117558365,A,1
4;117868882,A,0
4;118122688,G,0
4;118235444,G,1
4;118376553,T,0
4;118481405,A,1
4;120009168,A,1
4;120239944,T,1
4;120690702,C,0
4;120757064,A,1
4;120757072,T,1
4;122237301,C,0
4;122424108,G,1
4;122719712,T,0
4;122824591,T,0
4;122899165,A,0
4;123388516,C,0
4;125489955,C,1
4;125779060,G,0
4;125935704,G,0
4;126148628,C,1
4;126281130,T,0
4;126321993,A,1
4;126553888,A,1
4;126808685,T,0
4;127181663,C,1
4;127409692,T,1
4;127440659,G,0
4;127583475,T,0
4;127822314,C,0
4;128035097,A,0
4;128158126,C,1
4;128750948,G,0
4;129857935,A,0
4;130962263,C,1
4;130989247,G,0
4;131064690,C,0
4;131101366,T,1
4;131498335,G,1
4;131528197,G,0
4;132025991,T,0
4;132424332,T,0
4;132962490,C,1
4;133326395,C,1
4;133844765,C,1
4;133915776,C,0
4;134168249,A,0
4;135298059,G,0
4;135596084,A,0
4;135911869,T,0
4;136019590,C,0
4;136019592,C,1
4;136606141,C,0
4;137053594,C,1
4;137094749,T,1
4;137238024,C,1
4;137529812,C,0
4;137584945,T,1
4;137900546,T,0
4;137984231,G,1
4;138366488,T,0
4;139129255,G,0
4;139157719,A,0
4;139402706,C,1
4;139539662,C,1
4;139746487,G,0
4;140221439,T,0
4;140490109,G,0
4;140696703,T,0
4;141190639,T,0
4;141316039,C,0
4;141489487,G,0
4;141861984,T,1
4;141947275,C,1
4;142018558,A,0
4;142728772,C,1
4;143227742,A,1
4;144710521,T,0
4;145263286,T,1
4;145376474,G,0
4;145492003,C,1
4;145659064,C,0
4;146314357,T,1
4;146466875,T,0
4;146524560,G,0
4;146873808,G,0
4;147028405,A,0
4;147543414,G,0
4;148790648,G,1
4;149620617,A,0
4;150577696,C,0
4;151120496,A,0
4;151625361,A,1
4;151979814,A,0
4;153549379,G,1
4;153573661,A,0
4;153651995,G,0
4;153893354,A,1
4;154017805,T,0
4;154118168,A,0
4;154543071,C,0
4;154827974,T,1
4;154867538,T,0
4;154925641,T,1
4;155123244,A,1
4;155389247,C,0
4;157062345,A,1
4;157166746,C,1
4;157398759,A,1
4;157410970,T,0
4;157906976,A,1
4;158349209,G,0
4;158447249,C,1
4;158541687,G,0
4;158637210,C,0
4;158647864,T,0
4;158669702,G,0
4;159754360,C,0
4;159775601,G,0
4;159804265,C,0
4;159848282,A,0
4;160388504,A,1
4;160619050,T,0
4;160834831,C,0
4;161123654,C,0
4;161152345,T,0
4;161607731,A,0
4;161777781,A,1
4;161808171,C,0
4;162295835,C,0
4;162307060,T,0
4;162458750,T,1
4;162549221,C,0
4;163008238,T,1
4;163300195,A,0
4;163376177,C,0
4;163703018,C,0
4;164113310,T,0
4;164245053,A,1
4;164245854,G,1
4;164313181,C,0
4;164370114,A,0
4;164539508,A,0
4;164690560,C,1
4;164862703,T,0
4;165095228,T,1
4;165417351,T,1
4;165788675,A,1
4;166389558,T,0
4;166448333,T,1
4;166495319,C,1
4;166551353,T,0
4;167708027,G,0
4;167845880,T,1
4;168169259,C,0
4;168382817,A,1
4;168980017,T,1
4;170059252,A,1
4;170072418,G,1
4;170555409,C,0
4;170584603,T,0
4;170768132,G,0
4;170835054,A,0
4;171366436,T,1
4;171764581,C,0
4;172792316,C,1
4;174497836,A,1
4;174790137,T,1
4;174876810,G,0
4;175150481,G,0
4;175472174,G,0
4;175651499,C,1
4;175816129,C,1
4;176176194,T,1
4;176181659,T,0
4;176632858,T,0
4;176648611,C,1
4;176736717,C,1
4;176949352,C,0
4;177228579,G,0
4;177407175,T,1
4;178150691,A,0
4;178296148,A,1
4;178770448,C,1
4;179035790,A,0
4;179516915,G,1
4;180250708,G,0
4;180320695,T,1
4;180405118,C,0
4;180594002,A,0
4;181480081,T,0
4;181603477,A,0
4;181912806,G,1
4;181956909,C,0
4;181965015,G,1
4;182029163,G,1
4;182065258,G,1
4;182224073,A,0
4;182231318,G,0
4;182261499,A,0
4;182416097,C,1
4;182421815,A,1
4;182677604,A,1
4;182740613,C,0
4;182770862,C,1
4;182937043,C,0
4;182995164,T,1
4;183019854,A,0
4;183027022,C,0
4;183251286,C,0
4;183516599,C,1
4;183574087,A,1
4;184253869,T,0
4;184441647,G,1
4;184485376,A,0
4;184572934,C,0
4;185088648,C,1
4;185472790,A,0
4;185614475,C,0
4;185906368,C,1
4;186103384,T,1
4;186468992,G,1
4;186641563,G,1
4;186932780,C,1
4;187079017,A,1
4;187141270,C,0
4;187180115,A,0
4;187804194,G,0
4;187995213,T,0
4;188062807,T,0
4;188107815,T,0
4;188110164,C,1
4;188205198,C,0
4;188492766,T,1
4;188493082,G,1
4;188949837,T,0
4;189034513,T,0
4;189633448,T,1
4;189766706,C,0
4;189783117,T,1
4;189785918,A,1
4;189890153,A,0
4;190137471,A,1
4;190223637,A,0
4;190606631,T,0
4;190652112,T,0
13;19929201,A,0
13;20107545,C,0
13;20487343,G,0
13;20897956,C,1
13;20898058,A,0
13;20935723,C,0
13;20981386,A,1
13;22226375,T,1
13;22374700,A,1
13;22550857,G,1
13;22949567,C,0
13;23327239,G,0
13;23559148,A,0
13;23589264,A,1
13;23909142,C,0
13;24046888,T,0
13;24566156,A,1
13;24669935,T,1
13;24681735,A,1
13;24716929,C,0
13;25093650,G,0
13;25108315,T,1
13;25477663,T,0
13;25983768,C,0
13;25988070,T,1
13;26032877,A,1
13;26159594,G,0
13;26223234,A,0
13;27049082,C,0
13;27244699,A,0
13;27444933,T,0
13;27486324,T,1
13;27529258,T,0
13;27603371,A,1
13;28104929,G,1
13;28143229,G,0
13;28208114,G,0
13;28240277,A,0
13;28298824,C,0
13;28662379,C,1
13;29045209,A,0
13;29337397,T,1
13;30100679,C,1
13;30305542,A,1
13;30343129,C,1
13;30346133,C,0
13;30465814,T,1
13;31311182,G,0
13;31373280,A,0
13;31391722,G,1
13;31456253,T,1
13;31874444,T,0
13;31901858,G,1
13;31996875,G,1
13;32200557,C,0
13;32323996,T,1
13;32338885,T,0
13;32516037,A,1
13;32900149,C,1
13;32905998,G,1
13;32960363,G,1
13;33214427,G,0
13;33510213,C,0
13;33521094,T,0
13;33526565,G,1
13;33609937,G,0
13;33762834,C,1
13;33777206,A,0
13;33826146,T,0
13;34462627,T,0
13;34477566,A,0
13;34659890,T,0
13;34802048,A,0
13;34838271,C,0
13;34929188,A,0
13;35269505,C,1
13;35293236,T,1
13;35324035,G,0
13;35451150,C,0
13;35505307,G,0
13;36009566,A,1
13;36047374,A,1
13;36139835,T,0
13;36247982,C,0
13;37022604,T,0
13;37136688,G,0
13;37765025,A,1
13;37805005,G,1
13;37880725,G,0
13;38125632,A,0
13;38486448,C,0
13;38486449,C,1
13;38752369,G,1
13;39069439,T,1
13;39287921,C,1
13;39463359,C,0
13;39466690,G,1
13;39467523,A,0
13;39791190,G,0
13;39842263,T,1
13;39892986,C,0
13;40039812,T,1
13;40078326,G,1
13;40462196,G,0
13;40695992,A,1
13;41223886,T,0
13;41627677,T,1
13;42083234,T,0
13;42662266,G,1
13;42704847,A,0
13;43399964,A,1
13;43694763,T,1
13;43859983,C,1
13;44781754,C,1
13;44812570,A,1
13;45696072,G,0
13;46151779,T,1
13;46291974,T,0
13;46382483,C,0
13;46389795,T,0
13;46441589,A,0
13;46454232,G,0
13;46462243,C,0
13;46562166,T,0
13;46685238,T,0
13;47227238,T,1
13;47427626,G,1
13;47577521,T,0
13;47598625,A,0
13;48297838,A,0
13;48371531,C,0
13;48831956,A,0
13;49284125,A,0
13;49298065,G,0
13;49988058,C,1
13;50057097,A,1
13;50248866,A,0
13;50753307,A,0
13;51085041,A,1
13;51343628,G,0
13;52516565,T,0
13;53375606,T,0
13;53516614,C,1
13;53989961,T,1
13;54045968,C,0
13;54064673,T,0
13;54528432,T,0
13;54638436,C,1
13;54970746,G,1
13;55380182,G,1
13;55435878,G,0
13;55552706,T,1
13;57184700,T,1
13;57266461,A,1
13;57310202,T,0
13;57941935,G,0
13;58467063,A,1
13;58872427,A,1
13;59830919,A,1
13;59900365,A,1
13;60226794,C,1
13;60712124,T,0
13;60834670,A,1
13;61685887,G,1
13;61944111,C,0
13;62613195,C,1
13;62914643,C,0
13;63377888,A,0
13;63393268,G,1
13;63401848,G,0
13;63443893,T,1
13;63465526,C,1
13;63976723,T,1
13;64306174,T,0
13;65073360,A,1
13;66499490,A,0
13;66679368,A,1
13;67761871,A,1
13;68371817,T,0
13;68471278,G,1
13;68955942,A,0
13;68992615,A,0
13;69061578,A,0
13;69129159,G,0
13;69217451,A,1
13;69263738,G,0
13;69530975,G,0
13;69531761,A,0
13;69599261,A,0
13;69730310,C,0
13;69772075,C,1
13;69794162,A,1
13;69943930,G,1
13;70013572,A,0
13;70265262,A,0
13;70298300,T,1
13;70928498,A,0
13;71231766,A,0
13;71386454,G,1
13;71499371,A,1
13;71751206,T,0
13;72110541,A,0
13;72240563,T,0
13;72741545,T,1
13;73007053,G,1
13;73163027,T,0
13;73199269,T,0
13;73258756,T,0
13;73773455,A,0
13;74179252,C,0
13;74356564,C,1
13;74459395,G,1
13;74459948,G,1
13;74588183,C,1
13;74730137,A,1
13;75103156,C,1
13;75123901,G,1
13;75481290,C,1
13;75624993,C,0
13;75640343,A,0
13;75698142,T,1
13;75704017,C,1
13;75901478,C,1
13;76226139,A,1
13;76394459,A,0
13;76427851,C,1
13;76746743,C,1
13;76896832,T,1
13;77003686,T,1
13;77214897,T,0
13;77552609,T,0
13;77625946,T,0
13;77935564,T,1
13;77961253,T,0
13;77997462,G,0
13;78011655,A,1
13;78177846,T,1
13;78357782,G,1
13;78479385,C,0
13;78494543,T,0
13;78517254,G,0
13;78671243,A,1
13;78774106,A,0
13;79019727,G,0
13;79188028,G,1
13;79534179,T,1
13;80180010,C,1
13;80278964,C,1
13;80715893,A,0
13;81009266,C,0
13;81666356,A,0
13;82052580,C,0
13;82078173,A,0
13;82299757,A,0
13;82606647,G,0
13;82947501,G,0
13;83026843,C,1
13;83330657,A,0
13;83442204,T,1
13;84068978,T,1
13;84361079,C,0
13;84399251,T,0
13;84413449,T,1
13;85251712,A,0
13;85906925,A,1
13;85924185,C,1
13;86013569,G,1
13;86188026,A,1
13;86198541,T,0
13;86381657,C,0
13;86701003,G,0
13;86715600,C,1
13;87016413,G,1
13;87060536,A,1
13;87487353,G,0
13;87561154,T,0
13;87760105,C,0
13;88263317,T,1
13;88551345,C,1
13;89223511,T,0
13;89290933,A,0
13;89525270,A,0
13;90120511,T,1
13;90166539,A,0
13;90223129,G,0
13;90643757,G,0
13;90798376,G,0
13;90888106,G,0
13;90950127,A,0
13;90977054,C,0
13;91457259,A,1
13;91674153,G,1
13;91741053,G,1
13;91754958,T,1
13;91875290,C,0
13;91992157,T,0
13;92353033,A,0
13;92523014,T,0
13;92660099,G,0
13;93145448,A,1
13;93241515,T,0
13;93591921,C,1
13;94589164,G,1
13;94880932,A,0
13;95352746,G,1
13;95393400,T,1
13;95791728,A,1
13;95849374,T,0
13;95890635,C,0
13;96212974,C,1
13;97079618,G,0
13;97526225,A,1
13;98455955,T,0
13;98744563,A,0
13;98989956,G,0
13;99298578,G,1
13;99331113,A,1
13;99374306,T,1
13;99390055,T,0
13;99664466,C,1
13;99801623,C,1
13;100280655,A,0
13;100913437,G,1
13;101264633,T,1
13;101421369,C,0
13;101612764,T,0
13;101701918,G,0
13;101797840,G,1
13;102187073,G,0
13;102352761,T,0
13;102533398,T,0
13;103556647,A,0
13;104057214,A,0
13;104331310,C,1
13;104402695,G,0
13;104750929,A,0
13;104765790,C,0
13;104799320,A,0
13;104931557,A,1
13;105034225,C,0
13;105222776,G,1
13;105783707,C,1
13;105865263,A,1
13;105966423,C,0
13;106046514,T,0
13;106597546,C,1
13;106650354,A,1
13;107275890,A,1
13;107330656,T,0
13;107360401,G,0
13;107498788,T,0
13;107820389,A,1
13;107892697,T,0
13;107963708,C,0
13;108029349,A,1
13;108420794,T,1
13;108516434,C,1
13;108779750,C,0
13;108832938,A,1
13;109083276,A,0
13;109125484,T,1
13;109173965,A,0
13;109465740,G,1
13;109812363,A,1
13;109923939,C,1
13;110048343,G,1
13;110060748,A,1
13;110495729,C,1
13;110501720,A,0
13;110759711,G,0
13;110916819,T,1
13;110984829,T,1
13;111168951,G,0
13;111175244,G,0
13;111318794,C,1
13;111411436,T,1
13;111429368,A,0
13;111713812,C,1
13;112035959,T,0
13;112278338,A,0
13;112321256,T,0
13;112652291,A,0
13;113089488,T,0
13;113150351,G,0
13;113477368,A,1
13;113890301,A,1
13;114110145,A,1
3;324484,C,0
3;401533,T,1
3;441745,C,0
3;880532,G,1
3;1018269,T,1
3;1044366,G,0
3;1070039,G,0
3;1086912,G,1
3;1090602,G,0
3;1216618,A,0
3;1250823,C,1
3;1335751,C,0
3;1369278,A,0
3;1446206,A,0
3;1466413,C,1
3;1716735,A,0
3;1888735,G,1
3;1897973,C,1
3;2283337,T,0
3;2584376,T,0
3;2983355,T,0
3;2984356,T,0
3;3101111,G,0
3;3201641,T,0
3;3283582,G,1
3;3362638,G,1
3;3419888,A,0
3;3494748,G,0
3;3681179,T,0
3;3781877,C,0
3;3834752,A,1
3;3943771,G,0
3;4462774,A,1
3;4535430,A,0
3;4633492,A,1
3;4661966,T,0
3;4753178,T,0
3;4797781,T,1
3;4861853,C,1
3;4874498,T,0
3;4909097,C,1
3;5309180,G,0
3;5374404,G,1
3;5426928,C,0
3;5853299,A,0
3;5888521,A,0
3;5898056,G,0
3;6049256,A,0
3;6416779,C,1
3;6437832,T,1
3;6869166,A,1
3;6907193,G,0
3;7011661,G,1
3;7366452,T,1
3;7710922,T,0
3;7881408,C,0
3;8158084,G,1
3;8330534,G,0
3;8702963,G,1
3;9067684,A,1
3;9162915,C,1
3;9547959,T,1
3;10272775,A,0
3;10383517,G,1
3;10429108,T,1
3;10556104,G,1
3;10594938,T,0
3;11031922,C,0
3;11060622,G,1
3;11690450,C,0
3;11772815,T,1
3;11981887,C,0
3;11991007,A,0
3;12224151,C,0
3;12345971,A,0
3;12450166,A,1
3;12946142,A,0
3;13146033,C,1
3;13825666,G,0
3;13844961,G,1
3;13859173,C,1
3;13895806,C,0
3;13915465,A,1
3;14280136,A,0
3;14338076,A,1
3;14470911,A,1
3;14571310,A,0
3;14745383,A,1
3;14749248,T,1
3;14925256,A,1
3;15798926,C,0
3;16072071,G,1
3;16301148,C,1
3;16351753,T,1
3;16470197,T,0
3;16511074,T,0
3;16650324,A,0
3;17259520,C,0
3;17392084,G,0
3;18120913,A,0
3;18412689,T,1
3;18861144,G,0
3;19614045,G,0
3;20196571,C,1
3;20552462,A,0
3;20752472,T,0
3;21059763,T,0
3;21793001,A,1
3;22145422,G,0
3;23642466,T,1
3;23684312,T,1
3;23875970,C,0
3;23987946,G,0
3;24346981,A,0
3;24529653,G,0
3;25080372,G,0
3;25313888,T,0
3;25378658,G,1
3;25385649,C,0
3;25471204,A,0
3;25603432,G,1
3;25650812,C,0
3;26522075,T,0
3;26580384,A,0
3;26611881,G,0
3;27279235,T,0
3;27484949,A,0
3;27646146,G,0
3;27829161,C,1
3;28026396,G,1
3;28619593,G,0
3;28769680,A,1
3;28819123,T,1
3;28943520,A,0
3;29223338,A,0
3;29287021,G,0
3;29295100,T,0
3;29411749,A,1
3;29461624,T,0
3;29538444,C,1
3;29760753,G,0
3;29784510,G,1
3;29891955,C,0
3;30443203,A,0
3;30675033,C,0
3;30677484,A,1
3;30819765,T,0
3;31144288,G,1
3;31298233,A,0
3;31724368,A,1
3;32398024,T,1
3;32403494,C,0
3;32615669,G,1
3;33019374,A,0
3;33315714,C,0
3;34060079,A,1
3;34179261,C,1
3;34417269,A,1
3;34533675,G,0
3;34591033,C,0
3;34723614,T,0
3;35560971,C,0
3;35724596,G,1
3;36092389,C,0
3;36187623,A,1
3;36340270,A,0
3;36688921,T,0
3;36746013,T,0
3;36834099,G,1
3;37125699,T,0
3;37276674,C,0
3;37816249,C,0
3;38026914,C,1
3;38354839,T,0
3;38365841,T,1
3;38548658,G,0
3;38760506,A,1
3;38862148,T,0
3;39365196,G,0
3;39468418,C,1
3;39564749,C,1
3;39837709,T,0
3;39888305,A,1
3;40668064,C,0
3;40787531,T,0
3;41021263,A,1
3;41761322,C,0
3;41897482,A,0
3;42103045,G,0
3;42290088,A,0
3;42541598,T,0
3;42599588,A,0
3;42908775,C,1
3;43428108,T,0
3;43540052,A,1
3;44297948,G,0
3;45103022,A,1
3;45314901,T,0
3;45924211,C,0
3;46100691,T,0
3;46696797,C,1
3;46903361,A,1
3;47125385,A,1
3;47537364,T,0
3;48802465,C,0
3;49737323,G,1
3;50897386,A,0
3;51158550,T,0
3;51719577,A,0
3;51768769,G,0
3;52847473,T,0
3;53529140,C,1
3;53878384,C,1
3;53882663,A,1
3;54033071,G,0
3;54101402,C,1
3;54118117,C,1
3;54212182,T,0
3;54291573,A,0
3;54408995,C,1
3;54618019,C,0
3;54638107,A,0
3;54846068,T,0
3;54929590,A,0
3;55110316,T,0
3;55161652,A,1
3;55290746,G,0
3;55547267,A,0
3;55729976,A,0
3;56257202,C,1
3;57237221,C,0
3;57723143,C,0
3;57978556,G,1
3;58038343,A,0
3;58050948,G,1
3;58080400,T,0
3;58516383,A,0
3;58558769,A,1
3;59631424,T,0
3;59753271,T,0
3;59828477,T,1
3;60013344,G,0
3;60133461,A,1
3;60152583,A,0
3;60271851,T,0
3;60439043,T,1
3;60592751,A,0
3;60730657,A,1
3;61015004,C,0
3;61176788,T,1
3;61577341,G,0
3;61794054,A,1
3;62352659,C,1
3;62442622,C,0
3;62618890,A,1
3;62951972,T,0
3;63088792,G,1
3;64079994,T,1
3;64154268,G,0
3;64308158,A,1
3;64372233,C,1
3;64512229,G,1
3;64537356,C,0
3;64621779,G,1
3;64637823,C,0
3;64971205,T,1
3;65328355,T,0
3;65406021,C,1
3;65411716,G,0
3;65475622,C,0
3;65476044,C,0
3;65561571,C,0
3;65608736,G,1
3;66026666,A,0
3;66422780,T,0
3;66648463,A,0
3;66718798,C,1
3;66835382,C,0
3;67134782,A,1
3;67260468,G,1
3;67531388,A,1
3;67534734,T,0
3;67974734,G,0
3;68531742,G,0
3;69230592,G,0
3;69633437,C,0
3;69899446,A,0
3;70007368,C,0
3;70010220,A,1
3;70454976,G,0
3;70466110,G,0
3;70601577,T,0
3;70965044,G,1
3;71015644,T,1
3;71072009,C,0
3;71235982,T,1
3;71708437,C,0
3;71783318,T,0
3;72570827,A,0
3;72895345,T,0
3;73241472,C,0
3;73377094,T,1
3;73427609,A,1
3;73788701,A,1
3;73930583,T,1
3;74112570,T,0
3;75195743,T,0
3;76438363,C,0
3;76581781,T,0
3;76961685,C,0
3;76969203,C,0
3;77058627,A,1
3;77203417,A,0
3;78185254,C,0
3;78411486,T,0
3;78510592,A,0
3;78678920,G,0
3;79176116,A,1
3;79319977,T,1
3;79892470,A,0
3;79914090,C,1
3;80010209,G,1
3;80239650,T,0
3;80310259,C,0
3;81502116,C,1
3;81613942,A,1
3;81983304,C,0
3;82230391,G,0
3;82235386,A,1
3;82361408,T,0
3;82569569,A,0
3;83272291,C,0
3;83512237,G,1
3;83558368,C,0
3;83702744,T,0
3;84530688,G,0
3;84700975,T,0
3;84727898,C,0
3;85144350,A,1
3;85639455,C,0
3;86167873,G,1
3;86196341,T,1
3;86248090,A,0
3;86467205,T,0
3;87032004,T,1
3;87110674,C,1
3;87299075,C,0
3;88005139,T,0
3;88316277,C,0
3;88446013,A,0
3;88491242,A,0
3;88889270,T,0
3;89670356,A,0
3;93702620,C,1
3;93820698,G,0
3;94008025,A,0
3;94149924,A,1
3;94837728,A,0
3;95734031,A,0
3;95979104,A,0
3;96144237,G,1
3;96714325,C,1
3;96936002,T,0
3;98280468,C,0
3;98356403,T,0
3;98518072,G,0
3;99130048,A,0
3;99165693,C,0
3;99320707,C,1
3;100631579,T,1
3;101011010,C,1
3;101585467,T,1
3;101649779,C,0
3;102330042,T,0
3;102853034,G,1
3;103618323,T,1
3;104179183,C,0
3;105006914,T,0
3;105099947,T,0
3;105215071,T,0
3;105572625,C,0
3;105784433,G,0
3;106036014,G,1
3;106053542,T,0
3;106335488,G,0
3;106539275,A,1
3;106679819,G,1
3;106682674,C,0
3;107118334,C,0
3;107671598,T,0
3;107771909,T,0
3;108015247,T,0
3;108167382,A,1
3;108540610,A,1
3;108556559,G,0
3;108810524,T,1
3;109030796,G,1
3;109617542,T,0
3;110204943,A,0
3;110241338,A,0
3;110302513,G,1
3;110989903,G,1
3;111202885,A,0
3;111483056,A,0
3;112255957,A,0
3;112434399,A,0
3;112469992,T,1
3;113319810,C,0
3;113725685,T,1
3;113793113,G,0
3;114110200,T,0
3;114250424,T,1
3;115048950,A,1
3;115316285,A,0
3;116195410,T,0
3;116898409,C,0
3;117017795,G,1
3;117210204,G,0
3;118196244,T,0
3;118621664,A,0
3;118812027,A,1
3;119107277,T,0
3;119265945,G,0
3;119508443,A,1
3;119515585,G,0
3;119832621,A,1
3;120011765,A,0
3;120362963,T,0
3;120545376,A,0
3;120706444,T,0
3;121526107,T,0
3;121747645,G,0
3;121774281,G,0
3;121825782,G,0
3;121968552,T,1
3;121990257,T,1
3;122060404,T,0
3;122397466,A,0
3;122569302,T,0
3;122846881,T,1
3;122894253,T,0
3;123212563,G,1
3;123243426,T,0
3;123332533,A,0
3;123590573,C,1
3;123998735,T,0
3;124324632,T,0
3;124702008,A,0
3;124789658,C,1
3;124801324,T,1
3;125161022,C,1
3;125366791,A,0
3;125827856,C,0
3;125994187,C,1
3;126142871,A,0
3;126210511,T,0
3;126820280,G,0
3;126841978,C,1
3;127066341,G,1
3;127245298,A,0
3;127327309,A,0
3;127419114,C,0
3;127462250,A,0
3;127469395,C,1
3;127687408,T,0
3;127689620,C,0
3;128199380,A,1
3;128297711,T,1
3;128428993,T,0
3;129695578,A,0
3;129709647,T,1
3;129777801,T,1
3;130060720,A,0
3;130093185,G,0
3;130116696,C,0
3;130705387,A,0
3;130804076,C,1
3;130976278,A,0
3;131136797,C,1
3;131140501,C,1
3;131433475,G,1
3;131471873,G,0
3;131635559,T,0
3;132037070,G,0
3;132379065,T,0
3;133409669,A,1
3;133604787,G,0
3;133997989,C,0
3;134716185,T,0
3;134763397,T,0
3;134902467,A,0
3;134987043,A,0
3;135101243,A,0
3;135755987,A,1
3;137899898,A,1
3;138079030,A,0
3;138737555,T,0
3;139037832,G,0
3;139179909,A,1
3;139315403,C,0
3;139460879,T,1
3;139635307,T,0
3;139814577,A,0
3;139835692,G,1
3;139953635,T,0
3;140140701,G,0
3;140278952,A,0
3;141022270,C,1
3;141430083,A,0
3;142274770,C,0
3;142611657,G,1
3;142657205,G,0
3;143305613,G,1
3;143347484,A,1
3;144409973,C,0
3;144412390,A,0
3;145028127,A,1
3;145460835,T,1
3;145903796,A,1
3;145960310,A,1
3;146260811,G,0
3;146276607,T,0
3;146375764,T,0
3;146524722,C,1
3;146570955,T,0
3;146666094,C,1
3;146726629,T,0
3;146774291,C,1
3;148025699,T,1
3;148152753,G,0
3;148213396,A,1
3;148363393,T,1
3;148376595,C,1
3;148506111,G,0
3;149203910,T,1
3;149754422,T,0
3;149934913,G,0
3;150055561,T,0
3;150288489,G,1
3;150779259,T,1
3;150883600,T,1
3;151154666,C,1
3;151293638,G,1
3;152285415,C,0
3;152433628,T,1
3;152506811,A,0
3;152561137,G,0
3;153259376,T,0
3;153297048,A,1
3;153444721,C,1
3;153478114,A,0
3;153657728,G,1
3;153843475,C,0
3;154239411,G,0
3;155134334,T,0
3;155135890,C,1
3;156173558,A,0
3;156524220,T,1
3;156696506,G,1
3;157009833,A,1
3;157425014,T,0
3;159268571,T,0
3;159480328,T,1
3;159537386,C,1
3;160700958,G,1
3;160813841,G,0
3;161058726,C,1
3;161214536,G,0
3;161523133,T,1
3;161682714,G,0
3;161956676,A,0
3;162083695,G,1
3;162494572,G,1
3;162754958,G,0
3;162950711,T,0
3;163106936,A,0
3;163223847,G,0
3;163257974,G,1
3;163267658,A,0
3;163338289,A,0
3;164546257,T,1
3;164711387,A,0
3;164979912,A,0
3;165317382,C,0
3;165468445,C,0
3;165528885,G,1
3;165548529,C,0
3;165630281,C,1
3;165852327,G,0
3;166432105,C,0
3;166855373,C,0
3;167074873,A,1
3;167275119,C,0
3;167357153,A,0
3;168383190,C,0
3;168815099,C,0
3;169156443,C,1
3;169724793,A,1
3;171097130,G,1
3;171606858,C,1
3;171855599,C,0
3;171904227,G,1
3;172061303,C,1
3;172374445,G,0
3;173007330,T,0
3;173027013,C,1
3;173511875,T,0
3;173897984,A,0
3;175020216,A,0
3;175090662,C,0
3;175498693,C,1
3;175846795,C,0
3;175895736,T,1
3;176128315,C,1
3;176135457,A,0
3;176530374,C,1
3;177408279,T,1
3;177527734,G,0
3;178520365,T,0
3;178711892,T,0
3;179027813,C,1
3;179110393,A,0
3;179272481,G,1
3;180012027,G,0
3;180029338,T,1
3;180036577,G,0
3;180038910,A,0
3;180502615,T,1
3;180902019,C,1
3;181166485,C,0
3;181225746,G,1
3;181641361,C,0
3;181727995,A,1
3;181862415,G,0
3;181900523,A,0
3;181955695,C,0
3;182227125,C,1
3;182513714,G,0
3;182656610,C,0
3;183473203,C,0
3;183801541,C,1
3;184066556,T,1
3;184271242,G,0
3;184355105,T,1
3;184409778,A,1
3;184792444,T,0
3;184865743,A,1
3;185014336,A,0
3;185197673,T,0
3;185867637,T,0
3;186009438,T,1
3;186434887,C,0
3;186685281,A,0
3;186710785,A,1
3;186915592,A,0
3;187089031,A,0
3;187330821,A,0
3;187447032,A,1
3;187718701,T,0
3;188233404,A,0
3;188390839,A,0
3;188403035,G,0
3;188508886,A,1
3;188722679,G,0
3;188748266,C,0
3;188822175,A,1
3;189061088,G,0
3;189344149,T,1
3;189506531,A,0
3;189825207,T,0
3;190033808,A,1
3;190154740,C,1
3;190287209,C,0
3;190293555,A,1
3;190376464,A,1
3;191374294,C,0
3;191778698,G,0
3;191779948,T,1
3;191879237,G,1
3;192092640,T,1
3;192093920,G,0
3;192149956,G,1
3;192223737,A,1
3;192621063,T,0
3;192741698,A,0
3;192948186,A,0
3;193058273,T,1
3;193138705,T,1
3;193154192,G,0
3;193505467,A,0
3;193725434,A,0
3;193772549,A,0
3;193821883,T,1
3;193844893,A,0
3;193864097,C,1
3;193865580,T,0
3;193887636,A,0
3;193899272,G,0
3;194092874,A,0
3;194731991,T,0
3;194767164,G,0
3;196228789,C,0
3;196314211,G,1
3;196367859,A,0
3;196372422,A,0
3;196438744,G,1
3;196494702,T,0
3;197080008,T,0
19;293671,T,0
19;646854,T,0
19;661781,C,1
19;674215,A,0
19;1017057,T,0
19;1157483,T,0
19;1728998,C,0
19;1822668,C,0
19;1953199,T,0
19;1958308,G,1
19;1993509,C,1
19;2072599,A,0
19;2244623,G,0
19;2542760,T,1
19;2907650,A,1
19;3180770,G,1
19;3488180,T,0
19;3490160,G,1
19;3589435,T,0
19;3856656,C,1
19;4406241,A,0
19;4768917,G,0
19;5081179,C,0
19;5174180,T,1
19;5313294,T,0
19;5497605,C,1
19;6204314,G,0
19;6311818,T,1
19;6467910,C,0
19;6499437,A,1
19;6533402,C,1
19;6647973,G,0
19;6680510,T,0
19;7161849,G,1
19;7695513,A,0
19;7733676,C,0
19;8060420,C,1
19;8112200,G,1
19;8216911,T,1
19;8271721,A,0
19;8642644,A,0
19;8934693,T,0
19;9213079,C,1
19;9268261,A,0
19;9740346,C,0
19;10465832,A,0
19;10772685,C,1
19;11102007,T,0
19;11277074,T,1
19;11605575,T,0
19;11995508,T,1
19;13119675,A,0
19;13341037,A,1
19;13442779,G,1
19;13446573,G,0
19;13457877,G,1
19;13609998,C,1
19;13619268,A,1
19;13735342,C,1
19;14354724,C,1
19;14983544,G,1
19;15131668,A,0
19;15209615,T,0
19;15356746,T,0
19;15409567,C,0
19;15683078,G,0
19;15756762,A,1
19;16176940,G,0
19;16437048,G,1
19;16445910,C,0
19;16958074,A,0
19;16960056,A,1
19;17081707,T,0
19;17430915,A,0
19;17514845,G,0
19;17830975,T,0
19;17955021,A,0
19;18141123,A,1
19;18376509,A,0
19;18843934,T,0
19;18874483,A,1
19;19168228,A,0
19;19468734,A,1
19;19813019,C,1
19;20111134,C,1
19;20112840,T,0
19;21101749,C,0
19;21498579,A,0
19;21812041,T,0
19;21986292,T,0
19;22779198,G,0
19;22790859,G,0
19;22887984,C,0
19;22913789,A,0
19;24461655,C,0
19;27773171,T,0
19;28472343,T,0
19;28504265,T,0
19;28641486,C,0
19;28753350,C,1
19;28815018,C,1
19;28850357,C,1
19;28857007,C,1
19;29023710,A,1
19;29413635,T,0
19;30027123,G,0
19;30043222,G,0
19;30102856,G,0
19;32186608,G,1
19;32475670,C,0
19;32633058,A,1
19;32960613,T,0
19;33681470,A,0
19;33688140,T,0
19;33883248,T,1
19;34089932,T,0
19;34169940,G,0
19;34237941,T,0
19;34266248,G,1
19;34285951,C,1
19;34425455,G,1
19;34469289,T,0
19;35106373,A,0
19;35282181,G,0
19;35465897,A,1
19;36057800,G,1
19;36187779,A,0
19;36273534,A,0
19;36558896,G,0
19;37472171,C,1
19;38336350,T,0
19;38508668,A,0
19;38993556,T,0
19;39050265,C,0
19;40219385,A,0
19;40338206,A,0
19;41305740,G,0
19;41449603,C,1
19;41521532,T,0
19;43563856,G,0
19;43864507,C,0
19;43967692,C,1
19;44303066,G,1
19;44494548,T,1
19;44498590,G,0
19;44535999,T,1
19;44935010,T,0
19;45047812,A,0
19;45256343,A,0
19;45379060,C,1
19;45415640,A,0
19;45729533,A,1
19;46570740,A,1
19;46583839,A,0
19;46754589,T,0
19;46787126,G,0
19;46919903,G,1
19;46984209,A,1
19;47274332,A,0
19;47331960,G,0
19;47523337,C,0
19;47603285,T,1
19;48087491,C,0
19;48220012,T,0
19;48348254,A,0
19;48829228,C,0
19;48923101,A,1
19;48951618,A,0
19;49102469,G,0
19;49189026,A,0
19;49206462,T,0
19;49431942,A,1
19;49932178,G,0
19;49957771,T,0
19;50042829,T,0
19;50118614,A,1
19;50136423,G,0
19;50196918,T,0
19;50521331,G,0
19;50756859,A,0
19;50914613,C,0
19;50957604,T,0
19;51103361,G,0
19;51655950,A,1
19;51920850,T,0
19;51977472,G,0
19;51989468,T,0
19;52673971,G,0
19;52693277,C,0
19;52895885,C,0
19;53206725,A,0
19;53278953,G,0
19;53601231,A,0
19;53647478,T,0
19;54263422,A,0
19;54314063,A,0
19;54590481,G,0
19;55872591,T,0
19;55931818,A,0
19;56014009,A,1
19;56383651,C,0
19;56521740,G,1
19;56863459,T,1
19;57409655,G,0
19;57417528,C,0
19;57487513,A,1
19;57590285,T,0
19;57651106,T,0
19;57920771,A,0
19;58218846,G,0
19;58572959,A,1
19;58817958,C,0
19;59024646,T,0
11;248002,T,0
11;828784,G,1
11;1011490,A,0
11;1091080,A,0
11;1284589,A,0
11;1729593,T,1
11;1854571,A,1
11;1885225,T,0
11;1931121,A,0
11;2219465,T,1
11;2222913,A,0
11;2269604,G,0
11;2585597,A,0
11;2612561,T,1
11;2908195,T,0
11;3055361,C,1
11;3377660,T,1
11;4082542,A,0
11;4168319,G,1
11;4389639,A,1
11;4562644,G,0
11;5055057,G,0
11;5217709,A,0
11;5450387,A,1
11;5469576,T,1
11;5545271,T,1
11;5550630,G,1
11;5585744,G,0
11;5663575,C,0
11;5903927,T,1
11;6026111,A,0
11;6243982,G,1
11;6311226,A,1
11;6349463,A,0
11;6355016,A,1
11;6744362,A,0
11;6756331,C,1
11;6883912,G,0
11;6906648,C,0
11;7191722,A,1
11;7302844,T,1
11;7435415,T,0
11;7860750,T,1
11;8020344,A,0
11;8115699,C,1
11;8266488,A,1
11;8673939,G,1
11;8807179,C,1
11;9167832,C,0
11;9365378,A,1
11;10499334,T,1
11;10513317,C,1
11;10615473,T,1
11;10672895,C,0
11;10747431,T,1
11;10877684,G,1
11;10901377,G,0
11;10952346,G,0
11;11337567,G,0
11;11399283,G,1
11;11456749,G,1
11;11834162,A,0
11;12193744,T,1
11;12296179,G,0
11;12375529,T,1
11;12714954,G,0
11;12952551,A,1
11;12968778,T,1
11;13018734,A,0
11;13083053,G,1
11;13963368,G,1
11;14080925,A,0
11;14715120,A,0
11;14730333,T,0
11;15180533,A,1
11;15209391,T,0
11;15306761,C,0
11;15441149,G,1
11;15499846,G,1
11;15785074,T,0
11;16348430,G,0
11;16383722,A,1
11;16419171,T,0
11;16592046,G,0
11;17421886,C,1
11;17506613,C,1
11;17522638,A,1
11;17633012,C,0
11;17710897,C,0
11;17835042,C,1
11;18323517,C,1
11;18906611,A,1
11;18982634,T,0
11;19211457,A,1
11;19418355,C,0
11;19593806,A,0
11;19922988,A,0
11;19986670,C,1
11;20004148,C,0
11;20501988,C,1
11;20778649,A,1
11;20959465,A,1
11;21069877,A,1
11;21357112,G,1
11;21759043,G,0
11;21874253,C,1
11;22730694,G,0
11;23163357,G,0
11;23179037,G,0
11;23260397,G,1
11;23416345,T,0
11;23609050,T,1
11;23945915,T,1
11;23973802,C,1
11;24140534,G,0
11;24277612,G,0
11;24359477,C,1
11;24364459,G,0
11;24547258,C,1
11;24666607,T,0
11;24739699,T,0
11;25053655,A,0
11;25236950,A,0
11;25700470,A,1
11;25720706,G,0
11;26020885,T,1
11;26032888,T,0
11;26346831,C,0
11;26553503,G,1
11;26569238,T,0
11;26569239,T,1
11;26569240,T,0
11;26714283,G,0
11;27813531,T,0
11;27930079,G,1
11;29025878,T,0
11;29082141,C,0
11;29405492,T,0
11;29768371,T,0
11;30149302,G,0
11;30389710,G,1
11;30491752,A,0
11;30745483,A,0
11;30749450,C,0
11;30875619,A,0
11;31087793,G,0
11;31094879,T,0
11;32263818,T,1
11;33046610,C,0
11;33270782,G,1
11;33358139,T,0
11;33644642,G,1
11;33728614,G,1
11;33912790,T,1
11;34067121,T,1
11;34318749,A,0
11;34937813,A,1
11;35385219,C,1
11;35507700,A,1
11;35544493,G,1
11;35679996,G,0
11;35869257,T,1
11;36090420,C,0
11;36134670,C,1
11;36350663,C,0
11;36434542,A,0
11;37519542,C,0
11;38872219,T,1
11;38908347,C,0
11;38979245,T,1
11;39462018,G,0
11;39669450,C,0
11;40029625,A,0
11;40096025,T,0
11;40569126,C,1
11;40677144,C,0
11;41187029,C,1
11;41216129,A,0
11;41334238,G,1
11;41872033,A,0
11;41906525,G,1
11;41914914,G,0
11;42641136,A,0
11;42848756,T,0
11;42889289,C,1
11;43204554,C,0
11;43905484,G,0
11;43955081,A,0
11;43997917,A,0
11;44054929,C,1
11;44055653,G,1
11;44110690,A,0
11;44255614,C,0
11;44283722,A,1
11;44299785,A,0
11;44325700,G,0
11;44691479,A,0
11;45016652,C,1
11;45352917,A,0
11;45454825,G,0
11;45926079,T,0
11;46734384,T,1
11;46958250,A,0
11;47196982,T,1
11;47370607,C,1
11;47468545,T,1
11;47482633,T,0
11;49195090,C,1
11;55794274,T,0
11;55864963,T,1
11;55899797,G,0
11;56089363,A,0
11;56104457,G,1
11;56398922,C,0
11;56576321,A,0
11;57073233,C,0
11;57854731,G,1
11;59205263,C,0
11;59807806,C,0
11;60274393,A,1
11;60723207,G,0
11;61166306,A,1
11;61388090,T,0
11;61484981,A,1
11;61505168,A,1
11;61624414,C,1
11;61884849,T,1
11;61898561,A,1
11;61956428,C,1
11;63242556,G,0
11;63350253,A,0
11;64085298,T,0
11;64618768,C,0
11;64620781,A,0
11;64697386,G,1
11;64701030,C,0
11;65309983,T,0
11;65727301,G,0
11;65844283,G,0
11;66885213,T,0
11;67086298,C,1
11;67375944,T,0
11;67779113,T,0
11;68027981,A,0
11;68102000,G,1
11;68132916,T,0
11;68285236,C,0
11;68538660,A,1
11;68585356,G,1
11;68898745,T,1
11;69679342,A,0
11;69873933,C,1
11;70002689,T,0
11;70552397,C,0
11;71167449,T,0
11;71234107,A,0
11;71725634,T,0
11;71739423,A,0
11;71845541,G,0
11;71929526,A,1
11;72430935,T,0
11;72546252,G,0
11;72711615,C,1
11;72802676,T,0
11;72838817,G,0
11;72978473,G,0
11;73807042,G,0
11;74419378,T,1
11;74446791,C,1
11;74525852,C,0
11;74624011,A,1
11;74678203,G,1
11;74818335,C,1
11;74823471,C,0
11;74879625,T,0
11;75012535,G,1
11;75069871,T,0
11;75705591,G,0
11;75858710,G,1
11;76082062,G,0
11;76148500,C,0
11;76304425,A,1
11;76405872,C,0
11;76421615,G,0
11;76565158,A,0
11;76637651,A,1
11;76839671,A,0
11;77239334,T,0
11;77250912,A,0
11;77698524,T,1
11;78373001,A,0
11;78499634,G,0
11;78513108,A,0
11;78545906,T,0
11;78573664,T,0
11;78744472,T,0
11;78881174,G,0
11;78912706,G,1
11;79329406,C,1
11;79439153,T,0
11;80016516,T,0
11;80426497,G,0
11;80542837,C,0
11;80915510,C,1
11;81563834,C,0
11;81608444,A,0
11;81685299,T,0
11;82054191,G,0
11;82080116,A,0
11;82267903,C,1
11;82354573,C,1
11;82723907,T,0
11;82817059,A,0
11;83891958,A,0
11;84146759,A,0
11;84316446,G,0
11;84400029,T,0
11;84711968,T,1
11;85366757,A,0
11;85652688,T,1
11;85795598,T,0
11;86579692,A,0
11;86612582,G,0
11;87007030,G,1
11;87146898,C,0
11;87426883,A,1
11;87439442,A,0
11;87610338,G,1
11;87866122,A,1
11;88123041,A,1
11;88157377,A,0
11;88379589,T,0
11;88412451,G,1
11;88683016,C,0
11;89011046,A,0
11;89116538,G,0
11;90384749,T,0
11;90514796,G,1
11;90556357,T,0
11;90948703,T,0
11;90966877,T,0
11;90981224,T,1
11;91443021,C,1
11;91581283,T,1
11;91680278,C,0
11;92546518,T,0
11;92665020,C,1
11;92717475,A,1
11;92814071,C,1
11;92859478,C,1
11;93089357,C,1
11;93228542,C,0
11;93717180,T,0
11;93805614,T,0
11;94041469,A,1
11;94175249,A,1
11;94326848,T,0
11;94588465,G,0
11;94688937,C,0
11;94843507,A,1
11;95212878,T,0
11;95266245,T,0
11;95431183,T,0
11;95910349,T,1
11;95928212,T,1
11;95962042,T,1
11;96532284,G,0
11;96702179,C,0
11;96892730,C,0
11;97010108,T,0
11;97250661,A,0
11;97324111,C,0
11;97535155,A,0
11;97840899,C,0
11;97879598,T,1
11;98225663,G,0
11;98647719,G,0
11;98705763,C,1
11;98885233,T,1
11;98987273,G,1
11;99601720,T,0
11;99649430,T,0
11;99665533,T,0
11;99873410,C,1
11;99978931,T,1
11;100271469,G,1
11;100820663,A,0
11;100865448,T,1
11;101293350,A,0
11;101474731,C,0
11;101483052,G,0
11;101562004,G,1
11;101605466,T,1
11;102467184,C,0
11;102499087,T,1
11;102821497,T,0
11;103019260,A,0
11;103154132,T,0
11;103722188,C,1
11;103763585,A,0
11;103870021,A,0
11;103980341,G,1
11;104098418,C,0
11;104173297,G,0
11;104217636,C,0
11;104661163,C,0
11;104707732,T,1
11;104899901,C,0
11;104972433,G,0
11;104979669,A,1
11;104981568,A,1
11;105099083,T,0
11;105219544,A,0
11;106123295,T,0
11;106251514,A,0
11;106283700,T,1
11;106618519,T,0
11;107054642,A,1
11;108098592,C,0
11;108143331,C,0
11;108175110,C,1
11;108711680,C,0
11;108980846,G,0
11;109118149,T,0
11;109899405,G,0
11;110331631,A,1
11;110833266,C,0
11;111037249,T,0
11;111115272,A,1
11;111761230,T,1
11;112599720,G,1
11;113142322,T,0
11;113164768,A,1
11;113270828,A,1
11;113291748,A,1
11;113335717,A,1
11;113601412,G,1
11;113872040,G,0
11;113943916,A,0
11;114208130,G,1
11;114580728,C,0
11;114589633,T,0
11;114788422,T,1
11;114977426,A,0
11;114994146,C,0
11;115042278,T,0
11;115397017,G,1
11;115398746,T,0
11;115579989,A,1
11;115768256,A,1
11;116187828,T,1
11;116255458,T,0
11;116411836,T,1
11;116473282,C,0
11;116477772,C,1
11;116507107,G,1
11;116516506,T,1
11;116711180,G,1
11;117179003,C,0
11;117244255,A,0
11;117502942,T,0
11;117785260,C,0
11;117864047,G,1
11;118182660,C,1
11;118182801,A,1
11;118191274,C,1
11;118410468,G,1
11;118750321,C,1
11;118818905,T,0
11;118952173,G,0
11;119008538,A,1
11;119528905,A,1
11;119858093,G,1
11;119932578,A,0
11;120157518,C,1
11;120570198,G,0
11;120771414,A,0
11;120835281,G,1
11;120975390,A,0
11;121434428,C,0
11;121606951,C,0
11;121630370,C,0
11;121914558,C,0
11;121975032,C,0
11;122049675,A,0
11;122117023,A,1
11;122145168,C,0
11;122504346,G,1
11;122673879,A,0
11;122883745,C,1
11;123264642,A,0
11;123302425,C,0
11;123365539,A,0
11;123390225,T,0
11;123395864,G,0
11;123498206,A,0
11;123742298,A,1
11;124030473,G,1
11;124168065,T,0
11;124327810,A,1
11;125123425,C,1
11;125172593,G,1
11;125539202,C,0
11;125828904,C,0
11;126003326,T,0
11;126056623,T,1
11;126361331,C,0
11;126446361,G,1
11;126468206,G,1
11;126494642,A,0
11;127014664,A,0
11;127200217,T,1
11;127609325,G,0
11;127686655,C,0
11;127748894,T,1
11;128129122,A,0
11;128135111,A,0
11;128275692,G,0
11;128488322,A,1
11;128532912,G,1
11;128577624,C,1
11;128889417,G,0
11;129149921,T,0
11;129182778,A,0
11;129611822,T,0
11;129630442,T,1
11;129772172,C,0
11;129834519,C,0
11;129846979,T,0
11;130330518,C,0
11;130635049,A,0
11;130864429,A,0
11;130911531,T,1
11;130976228,T,0
11;131325867,C,1
11;131350781,C,1
11;131501007,C,1
11;131661985,G,1
11;131683123,A,0
11;131788524,T,1
11;131816956,G,0
11;131921698,G,1
11;132042611,G,1
11;132454533,G,0
11;132545143,G,0
11;132803094,C,1
11;132806539,T,0
11;133260769,A,0
11;134207089,G,0
11;134209802,T,0
11;134345870,C,0
11;134359194,G,1
11;134538994,T,0
10;397754,A,0
10;903950,G,0
10;1169992,T,0
10;1246883,T,0
10;1637345,T,0
10;1838941,A,0
10;2268602,A,0
10;2300686,A,0
10;2981486,G,1
10;3708765,T,0
10;3792608,A,0
10;3837766,T,0
10;3840014,T,1
10;4102787,A,0
10;4129009,T,0
10;4191310,A,0
10;4543335,G,1
10;4619787,G,1
10;4852869,C,0
10;4874019,G,0
10;5411811,T,0
10;5476446,C,0
10;5688795,G,0
10;5807608,G,0
10;5886962,G,1
10;5966192,G,1
10;6001483,G,0
10;6061781,C,1
10;6078032,A,0
10;6261952,C,1
10;6323774,G,1
10;6389672,C,1
10;6405507,T,0
10;6449286,G,0
10;6677767,C,1
10;7138634,A,0
10;7188484,A,1
10;7418393,T,1
10;7427684,G,0
10;7495156,T,0
10;7562754,C,0
10;8172575,T,1
10;8318517,C,0
10;8403740,A,0
10;8501377,T,1
10;8623589,C,0
10;8757444,T,1
10;8872572,A,0
10;8969802,A,1
10;8972018,A,0
10;8976707,T,1
10;8981108,T,0
10;9035786,G,0
10;9038398,T,0
10;9305165,T,0
10;9647045,G,1
10;9870792,C,1
10;9963835,A,1
10;10190595,A,0
10;10433642,T,0
10;10559149,G,0
10;10672067,A,1
10;10806626,C,1
10;11016076,C,0
10;11108377,G,0
10;11181745,G,0
10;11203971,T,0
10;11395512,A,1
10;11452260,T,0
10;12295339,C,1
10;12343629,G,1
10;12401096,A,0
10;12592344,T,0
10;12645941,A,1
10;12772712,A,0
10;13052913,A,0
10;13062450,C,0
10;13069369,C,1
10;13292404,T,0
10;13706746,G,1
10;13707569,C,0
10;14125653,A,1
10;14266643,G,1
10;14430536,A,0
10;14441716,A,0
10;14664667,T,0
10;14685207,A,0
10;14790460,C,0
10;15149980,T,0
10;16035541,T,0
10;16285171,C,0
10;16694500,G,1
10;16697829,T,0
10;16911115,T,0
10;17008364,G,1
10;17032590,A,0
10;17171176,T,0
10;17405141,G,0
10;17562387,T,0
10;17733336,C,0
10;17750635,T,0
10;18386117,C,0
10;18456526,C,0
10;18551154,A,1
10;18639242,T,0
10;18700219,A,0
10;19307536,G,0
10;19692463,C,1
10;19823467,T,0
10;20100819,C,0
10;20340827,T,1
10;20406033,C,0
10;20458202,T,1
10;21219406,C,0
10;21291630,A,0
10;21665536,G,0
10;22084189,C,0
10;22257460,A,0
10;22792492,A,0
10;22893295,C,0
10;23297252,A,0
10;23516454,T,0
10;23605930,G,1
10;23726000,A,0
10;23847837,T,0
10;24245284,G,0
10;24391109,T,0
10;24486133,A,0
10;24675337,T,1
10;24720444,T,1
10;24884510,G,0
10;25085931,T,0
10;25180004,C,0
10;25183826,A,1
10;26093881,G,0
10;26178787,C,0
10;26252005,G,0
10;26352952,A,1
10;26457637,C,0
10;26629906,G,0
10;28595682,A,0
10;28697041,A,0
10;28868821,C,1
10;29023050,G,0
10;29186652,T,0
10;29196847,C,0
10;29220307,T,1
10;29255231,G,0
10;29586483,C,1
10;29993344,C,1
10;30126537,A,0
10;30273232,G,0
10;30912963,T,0
10;31050678,C,1
10;31428655,G,0
10;31916689,C,0
10;32022199,C,0
10;32094751,C,0
10;33908086,T,0
10;33909165,G,1
10;34155311,G,1
10;34175185,C,1
10;34325044,C,0
10;34488793,T,0
10;35212572,C,1
10;35246623,A,1
10;36612033,T,0
10;36895534,C,1
10;37011284,C,0
10;37364259,T,0
10;43089965,A,1
10;43125767,A,0
10;43212423,T,0
10;43265422,C,1
10;43369124,T,1
10;44344738,C,1
10;44520403,A,0
10;44632262,C,0
10;44761623,G,1
10;44775824,T,1
10;44815709,C,1
10;44818967,T,1
10;44836300,A,1
10;44935055,C,1
10;45012043,T,0
10;45406291,A,1
10;45834375,A,0
10;46044857,A,1
10;47597927,C,0
10;47663696,A,0
10;49503802,C,0
10;49957450,T,1
10;49968596,A,0
10;50066761,A,1
10;50135711,G,0
10;50544664,A,0
10;52328430,C,1
10;52404090,A,0
10;52577815,T,0
10;52642384,G,0
10;52835691,A,0
10;52935980,G,0
10;53056724,G,0
10;53060634,C,1
10;53282308,C,1
10;53456599,G,0
10;54063913,C,0
10;54770299,C,0
10;55334005,C,1
10;55494350,C,1
10;55884408,T,1
10;55893124,G,1
10;56375357,A,1
10;56478284,C,1
10;57068476,G,1
10;57352038,A,1
10;57722576,T,1
10;57830236,A,0
10;57842577,A,0
10;58063346,G,1
10;59018855,T,1
10;59036572,C,0
10;59036587,T,0
10;59158985,G,0
10;59558545,A,0
10;59802660,A,1
10;60078795,A,0
10;62215071,C,0
10;62298142,A,1
10;62495498,T,0
10;62605168,G,1
10;62896874,C,1
10;63608178,A,0
10;64275082,T,0
10;64451233,T,1
10;65066186,T,1
10;65481761,G,0
10;66371941,C,1
10;66383366,A,1
10;66612353,G,1
10;66924691,G,0
10;67199769,A,1
10;67258340,G,1
10;67518046,G,0
10;67528414,C,1
10;68016815,A,0
10;68050834,G,0
10;68154831,G,0
10;68250370,T,1
10;68850787,G,0
10;68861476,C,0
10;69293282,G,0
10;69414713,A,0
10;69843307,C,1
10;69934467,G,1
10;70791235,G,0
10;70985650,A,1
10;71245918,C,0
10;71466578,G,1
10;71502192,C,0
10;71588732,A,1
10;71600255,A,0
10;71652410,G,1
10;71687492,A,1
10;72242896,G,0
10;72680854,T,1
10;72992117,G,0
10;73006543,C,0
10;73012084,A,0
10;73285461,G,1
10;73414577,G,0
10;73478514,A,1
10;73722349,T,0
10;74093652,T,0
10;75577843,A,0
10;76145894,G,1
10;76247105,T,1
10;76808760,T,0
10;76990646,A,1
10;77169344,C,0
10;77822222,A,0
10;77856468,C,0
10;78068228,G,1
10;78241632,G,0
10;78471246,A,0
10;78510263,A,0
10;78558316,T,0
10;78587890,C,0
10;78594755,A,0
10;78702871,A,0
10;79225270,G,1
10;79500020,T,0
10;79844239,C,1
10;80010428,A,0
10;80329628,C,0
10;80685463,A,0
10;80941885,G,0
10;80999869,C,1
10;81037229,A,1
10;81048158,G,1
10;81685024,C,1
10;81702538,T,0
10;81758995,G,0
10;81914787,T,0
10;82575778,T,0
10;82623985,A,1
10;83034171,T,1
10;83479728,G,0
10;83709299,T,0
10;83832304,C,0
10;83972768,A,0
10;84048527,C,0
10;84098115,G,1
10;84329093,G,0
10;85397683,T,0
10;85426750,A,0
10;85697908,G,0
10;86662090,C,1
10;86775581,A,0
10;86907964,T,0
10;86913603,G,1
10;87585489,C,0
10;87807390,A,1
10;87874877,C,1
10;88072702,A,0
10;88119015,G,0
10;88134257,T,0
10;88239351,T,0
10;88426130,C,0
10;88786593,C,1
10;89152576,G,1
10;89365443,C,1
10;89897044,A,0
10;90025961,G,0
10;90738449,A,0
10;90740501,A,0
10;91224329,T,1
10;91347271,A,0
10;91746100,C,1
10;91847663,C,0
10;91995319,T,1
10;92756381,T,0
10;92903216,T,1
10;93038530,A,0
10;93146556,A,0
10;93584623,C,0
10;94190652,T,0
10;94656941,C,0
10;94890629,C,0
10;95064137,T,0
10;95505450,T,0
10;95586092,A,0
10;95598221,T,1
10;95867069,T,1
10;96740981,T,0
10;96792328,A,0
10;96814915,T,1
10;96824929,A,0
10;96828160,C,1
10;97130450,C,0
10;97172595,C,0
10;97234991,A,1
10;97349134,T,1
10;98255951,C,0
10;98569570,G,0
10;98646954,C,0
10;98742605,T,0
10;98894444,A,1
10;98982749,A,1
10;99205731,G,0
10;99791419,G,0
10;99897782,G,1
10;100090354,A,0
10;100111214,G,0
10;100176869,T,1
10;100578730,A,0
10;100762637,C,0
10;100766799,T,0
10;100881909,A,1
10;101137063,A,1
10;101347718,T,1
10;101355967,A,1
10;101359865,A,1
10;101872930,A,0
10;101906333,A,1
10;102114433,G,0
10;102290390,G,0
10;102464133,A,1
10;102649954,G,0
10;102729163,C,1
10;102873339,T,0
10;103033126,A,1
10;103558701,A,0
10;103895979,T,0
10;104391584,G,0
10;104584330,T,1
10;104675933,T,0
10;104844928,T,1
10;105252832,T,0
10;105272239,T,1
10;105326249,G,0
10;105780836,G,1
10;107196304,A,0
10;107255347,G,1
10;107679600,A,0
10;108834258,C,0
10;109059509,A,0
10;109282528,G,0
10;109368043,G,0
10;109397459,C,0
10;109400641,C,0
10;109638869,A,0
10;109856276,G,0
10;109957755,T,1
10;110469885,T,0
10;110905211,G,1
10;113151980,A,0
10;113244023,A,0
10;113275825,G,0
10;113390746,A,0
10;113758889,C,0
10;113931433,A,1
10;114055509,G,0
10;114279417,A,0
10;114372021,T,1
10;114777724,G,0
10;115061448,C,0
10;115670813,C,0
10;116209670,A,0
10;116218384,T,0
10;116469048,T,0
10;116642115,T,0
10;117300527,G,0
10;117859498,G,0
10;117887344,A,1
10;118147645,G,0
10;118960774,C,0
10;119710655,G,1
10;119727648,A,0
10;120179359,A,1
10;120192148,C,0
10;120208008,A,0
10;120278394,A,0
10;120279177,T,0
10;120562874,T,0
10;120592854,G,1
10;120822914,G,0
10;121151332,T,1
10;121207961,T,0
10;121716992,G,1
10;121950989,G,1
10;121969894,T,1
10;122113893,C,1
10;122591373,T,0
10;122960855,A,1
10;122974770,C,0
10;123221890,G,0
10;123438122,T,0
10;123443881,C,1
10;123609422,G,1
10;123908098,A,0
10;124238949,A,1
10;124314387,C,0
10;124980600,A,0
10;125233053,A,1
10;126157123,A,0
10;126173540,A,1
10;126263327,G,0
10;126268371,C,0
10;126815404,T,0
10;126887683,C,1
10;127528153,C,0
10;127874820,A,1
10;128003149,A,1
10;128339929,C,0
10;128410980,G,1
10;128429139,C,0
10;129184040,T,0
10;129669811,A,1
10;129839636,A,0
10;129913960,T,1
10;130296498,C,1
10;130396702,T,0
10;130413879,G,1
10;130535663,T,0
10;130544847,A,0
10;131032716,T,1
10;131070186,A,0
10;131074866,G,0
10;131436603,A,1
10;131556672,C,1
10;131559140,G,1
10;131694085,C,1
10;132150694,A,0
10;132183364,C,1
10;132595971,A,0
10;132618471,A,0
10;132712986,G,0
10;132931236,T,1
10;132993132,T,1
10;133246604,A,0
10;133434800,A,0
10;133441851,C,1
10;133479924,AG,1
10;133479924,G,1
10;133608237,A,0
10;133610556,A,0
10;133923348,T,1
10;133954011,T,1
10;134026212,A,1
10;134361784,A,0
10;134557068,G,0
10;135347343,A,1
7;152640,C,1
7;203326,C,0
7;229248,G,0
7;293105,A,0
7;334883,C,1
7;403871,A,0
7;425678,G,0
7;427321,G,0
7;433304,C,0
7;1094819,A,0
7;1198316,T,0
7;1640842,G,1
7;1790617,A,1
7;1998384,G,1
7;3178549,A,0
7;3202157,C,0
7;3219799,G,0
7;3286230,C,1
7;3381789,T,1
7;3384144,G,1
7;3400105,T,1
7;3431050,C,1
7;3537568,T,0
7;3611608,A,1
7;3690988,A,0
7;3709800,A,0
7;3991479,G,0
7;4339413,G,1
7;4714573,G,0
7;4751840,T,1
7;5043693,G,0
7;5288168,T,1
7;6081703,T,0
7;6120699,G,1
7;6173029,C,0
7;6203231,G,0
7;7808253,T,1
7;7949823,T,0
7;7987940,T,1
7;8020640,T,0
7;8154535,T,1
7;8228716,A,0
7;8300933,G,1
7;8433402,T,1
7;8844448,G,1
7;8984037,A,0
7;9317000,C,0
7;9353334,G,1
7;9711631,T,0
7;9897164,T,1
7;9922243,T,1
7;10502318,G,0
7;11304447,A,0
7;12245657,A,0
7;12302923,C,0
7;12522159,A,0
7;12618764,C,0
7;12953982,A,0
7;13173012,T,0
7;13265128,A,0
7;13368508,G,0
7;13467202,A,0
7;13522169,C,1
7;13633851,T,0
7;13999854,G,0
7;14562957,C,0
7;14616881,C,1
7;14726759,T,1
7;14835168,G,0
7;14864193,G,1
7;14933955,A,1
7;14936819,C,0
7;15072029,C,0
7;15133699,T,1
7;15377318,C,0
7;15424383,G,0
7;15722249,T,0
7;16159827,T,1
7;16218633,T,0
7;16383860,T,1
7;16463431,T,0
7;16731042,T,0
7;16918471,A,0
7;17038368,G,0
7;17131021,T,1
7;17229567,A,1
7;17373351,T,0
7;17458078,A,1
7;17544309,A,0
7;17809449,T,0
7;17814531,C,1
7;18040264,T,1
7;18236056,C,1
7;18403678,C,0
7;18718573,A,1
7;18965622,A,1
7;18977483,T,0
7;19349040,G,0
7;19356216,C,0
7;19516010,A,0
7;19541486,T,0
7;19751749,G,1
7;19757731,C,1
7;20679631,G,0
7;20845783,A,0
7;20863175,A,1
7;21202828,T,0
7;21239429,A,0
7;21551070,A,1
7;21582917,T,0
7;21657130,G,1
7;21729858,T,0
7;21908964,T,0
7;21940823,G,0
7;21982300,C,1
7;22083233,T,1
7;22160279,T,1
7;22342416,C,1
7;22389875,T,0
7;22814077,G,0
7;22894487,C,1
7;22907231,T,1
7;23249116,A,1
7;23502974,A,0
7;23901407,T,0
7;24149942,A,1
7;24267300,T,0
7;24454937,A,0
7;24575366,C,0
7;25152253,T,0
7;25575717,G,0
7;26183366,A,1
7;26522004,A,0
7;26585256,C,1
7;26835945,T,0
7;27193732,C,0
7;27300262,G,0
7;27433363,G,0
7;27507833,G,0
7;27672726,T,1
7;28086134,A,0
7;28338265,G,0
7;28565806,T,0
7;28634244,C,0
7;28682081,G,1
7;29111093,T,1
7;29265915,G,1
7;29508944,C,0
7;29513395,G,1
7;29842217,T,0
7;30406471,G,0
7;30512771,C,1
7;30714333,T,1
7;30865765,C,1
7;30956451,T,0
7;31016260,A,0
7;31089447,A,0
7;31164235,A,0
7;31365758,T,1
7;31623746,C,0
7;31826095,G,0
7;31832171,G,0
7;32069640,C,1
7;32192596,G,1
7;32258435,C,0
7;32282527,G,0
7;33476376,A,0
7;34399926,T,0
7;34661856,T,1
7;34786833,A,1
7;34873745,T,0
7;35054045,T,1
7;35389688,G,1
7;35410695,A,0
7;35423863,C,0
7;35697108,C,0
7;36178054,A,0
7;36193565,T,0
7;36347126,A,0
7;36588865,G,0
7;36876924,T,0
7;36957908,C,0
7;37436388,G,1
7;38013798,T,0
7;38159445,G,1
7;38291362,T,0
7;39324470,A,1
7;39950474,G,0
7;40314165,A,1
7;40805697,T,1
7;41278218,G,1
7;42043345,C,0
7;42058291,A,1
7;42106599,G,0
7;42187183,A,1
7;42617751,A,1
7;42630545,T,0
7;42756907,C,0
7;42759430,G,1
7;42784040,T,0
7;43350189,A,1
7;44159224,C,1
7;44365549,T,0
7;44600836,C,0
7;44901035,C,1
7;45105117,G,0
7;45235120,T,1
7;45755449,T,0
7;46197266,T,1
7;46387679,G,1
7;46815537,A,1
7;47209497,A,0
7;47422049,C,0
7;47638254,C,0
7;47732411,C,1
7;47750051,T,0
7;48071822,C,0
7;48168352,G,1
7;48325832,G,1
7;48567144,C,0
7;48756104,G,0
7;48953533,C,1
7;49710785,C,1
7;50093078,G,1
7;50428428,A,1
7;50571996,T,1
7;50659811,T,0
7;50716483,G,1
7;51145573,C,1
7;51680653,C,0
7;51722990,C,1
7;51926970,T,0
7;52298446,T,0
7;52451766,C,1
7;52621267,G,0
7;52622294,A,0
7;52659919,C,1
7;53182000,C,1
7;53249376,C,0
7;53542120,G,1
7;53718151,T,0
7;53950851,C,1
7;54130060,T,1
7;54419111,A,1
7;54941005,C,0
7;55023401,G,1
7;55862961,T,0
7;55875223,C,1
7;55983468,A,0
7;56668499,C,0
7;57286338,A,0
7;57351953,T,0
7;62662651,C,1
7;63918402,A,0
7;64070643,G,0
7;64284959,A,1
7;65546062,T,1
7;65773859,T,1
7;67223669,G,0
7;67239296,A,1
7;67882192,G,0
7;68050255,T,0
7;68092473,G,0
7;68128716,C,1
7;68523481,A,1
7;68772902,G,0
7;68773736,A,1
7;69006876,A,0
7;69223489,G,0
7;69512755,G,0
7;69783020,G,0
7;70077166,A,1
7;71005397,C,0
7;71129699,C,1
7;72896550,G,0
7;73092568,T,1
7;73355951,T,0
7;73425238,C,1
7;73441468,T,0
7;73824052,A,1
7;75180344,G,1
7;75719350,A,1
7;75898851,A,0
7;75898896,C,1
7;76493166,G,0
7;76922766,C,1
7;77026460,A,0
7;77063206,T,1
7;77289641,A,0
7;78087307,T,0
7;78215346,T,1
7;78362917,C,0
7;78637570,A,1
7;78691005,A,0
7;78833058,T,1
7;79103893,G,0
7;79353929,T,0
7;79367702,A,0
7;79895883,A,0
7;80016757,A,0
7;80086861,A,1
7;80396578,C,0
7;80436767,T,1
7;80618038,G,1
7;80694930,G,0
7;80831072,C,0
7;80952495,G,1
7;81306540,C,0
7;81546777,T,0
7;82646210,C,0
7;82719710,C,0
7;83095955,G,1
7;83651854,C,0
7;84081186,T,0
7;84328077,C,1
7;84490665,A,0
7;84769653,C,0
7;85002595,G,0
7;85084908,G,0
7;85533208,G,1
7;85699781,A,0
7;85866217,T,1
7;86399552,C,0
7;86678176,C,1
7;87092842,C,0
7;87148328,T,0
7;87195962,A,1
7;87550234,T,1
7;87815561,G,0
7;87835685,G,0
7;87972352,A,0
7;88435045,C,1
7;88713746,A,0
7;88864432,C,0
7;88890591,T,0
7;88968239,G,1
7;89060733,T,0
7;89111561,C,0
7;89214671,C,0
7;89474743,C,1
7;89627826,A,0
7;89980432,C,0
7;90283594,A,1
7;90522559,G,1
7;91180083,C,0
7;91270307,C,0
7;92028039,A,1
7;92051544,G,0
7;92286980,T,0
7;92330480,T,1
7;92648340,T,0
7;93698376,A,1
7;94152988,G,1
7;94413067,A,1
7;94940069,A,0
7;94951569,C,0
7;94952692,A,1
7;94969600,T,0
7;95036992,T,1
7;95069666,A,1
7;95742412,C,0
7;95842003,C,0
7;96109466,A,0
7;96634633,A,0
7;96654505,A,0
7;97218216,G,0
7;97447728,T,1
7;97731881,T,0
7;97764162,A,0
7;98012924,C,0
7;98189340,A,0
7;98210558,C,1
7;98400450,G,0
7;98846684,T,1
7;99054289,G,1
7;99141373,A,0
7;99367427,T,0
7;99466558,T,1
7;99562258,T,1
7;100078226,A,0
7;100212254,A,0
7;100865847,C,0
7;100881403,A,0
7;101191675,A,0
7;101252365,C,1
7;101534356,A,0
7;101591393,A,0
7;101739617,T,1
7;102088860,G,0
7;103343420,T,0
7;103467267,T,0
7;103468794,T,0
7;103543333,G,0
7;104227479,A,0
7;104346954,G,1
7;104411976,C,1
7;104696016,G,0
7;104728271,C,1
7;105577453,A,1
7;105953985,C,1
7;106103177,G,1
7;106632267,G,1
7;106951806,A,0
7;107464206,A,0
7;107478361,A,1
7;107671407,G,0
7;108021233,G,1
7;108437341,T,0
7;109102153,A,1
7;109191388,G,0
7;109652264,G,0
7;109782499,G,0
7;109811833,C,0
7;110432334,G,1
7;110664246,G,0
7;111174824,G,0
7;111339228,T,0
7;111439939,A,1
7;111809195,T,1
7;111973835,A,1
7;112304167,A,0
7;112445401,C,0
7;113516403,T,0
7;113781291,T,0
7;114451433,T,0
7;114694662,C,1
7;114792582,T,1
7;115729161,A,0
7;116006105,C,1
7;116475257,G,0
7;117229167,A,1
7;117977091,A,1
7;118229822,A,0
7;118353183,G,1
7;119765939,C,0
7;120278843,T,0
7;120911462,C,0
7;121156066,T,0
7;121797265,A,1
7;121987158,C,1
7;122310916,T,1
7;122385629,C,0
7;122714001,G,1
7;123037560,A,0
7;123849491,A,0
7;124076741,T,1
7;124298853,C,1
7;124905060,C,1
7;126747051,C,0
7;127108281,C,0
7;127234990,T,0
7;127851628,A,0
7;128927659,C,1
7;129167620,G,1
7;129380243,C,1
7;129479522,A,0
7;130117211,A,0
7;130566755,C,0
7;130787448,G,0
7;130905076,C,1
7;131179797,T,1
7;131201947,A,0
7;131381695,G,0
7;131531190,T,0
7;131935433,A,0
7;132160548,T,1
7;132169244,T,0
7;132189689,A,1
7;132666858,C,0
7;133440786,G,0
7;133737030,T,1
7;133749550,A,0
7;133958114,C,0
7;134010640,A,1
7;134014412,C,1
7;134480587,A,1
7;134551474,T,1
7;134944264,A,0
7;135061329,T,1
7;136192897,T,1
7;136215137,T,1
7;136341452,A,0
7;136692752,C,0
7;137159094,A,0
7;137660917,G,0
7;138341367,C,0
7;138584708,T,0
7;138668360,A,0
7;138793127,T,1
7;139151335,A,0
7;139200308,T,0
7;139558522,C,1
7;139662586,C,1
7;139664598,C,0
7;139861829,C,0
7;139956268,A,0
7;139992942,G,1
7;140219753,C,0
7;140592227,G,0
7;141073598,T,0
7;141085654,C,1
7;141176928,A,1
7;141347167,C,0
7;141486217,C,0
7;141537735,G,1
7;141763252,T,0
7;142557741,G,0
7;143631864,C,1
7;144322489,T,0
7;144544781,G,0
7;145366398,A,0
7;145680148,G,0
7;145709165,G,0
7;146083020,T,1
7;146150050,C,1
7;146655312,C,0
7;146709333,T,0
7;146879704,A,0
7;146985808,C,1
7;147175188,A,0
7;148372261,A,0
7;148470360,G,0
7;148525904,G,0
7;149972013,A,0
7;150053806,A,1
7;150152520,C,1
7;150389594,T,0
7;150610100,G,1
7;150739354,T,1
7;150801238,G,0
7;150936596,T,0
7;151402500,G,1
7;151478406,T,0
7;151482573,C,1
7;151505678,G,1
7;151613438,A,1
7;152351917,C,0
7;153350972,C,1
7;153640474,T,0
7;153970329,A,1
7;154022610,C,1
7;154507648,G,0
7;154512110,A,0
7;154551171,T,0
7;154635093,A,1
7;154832111,C,1
7;155110399,A,0
7;155233645,A,0
7;155258641,C,0
7;155563015,A,0
7;155631572,C,0
7;155716520,C,1
7;155752381,T,1
7;155767477,A,1
7;156011645,G,0
7;156354315,T,1
7;157110720,T,0
7;157365106,A,0
7;157475020,T,1
7;157563249,G,1
7;157673968,C,0
7;157743779,T,0
7;158738611,T,1
7;158738849,C,1
7;158972018,C,0
7;159085413,T,0
18;312577,A,1
18;1347172,C,0
18;1367453,C,0
18;1429500,G,0
18;2090924,C,0
18;2392181,C,0
18;2406407,C,0
18;2548668,C,0
18;2850881,A,0
18;3112621,A,0
18;3155199,T,0
18;3249051,A,0
18;3673175,A,0
18;4047094,A,0
18;4070978,C,1
18;4104411,G,0
18;4209407,C,0
18;4349772,A,0
18;4458897,A,0
18;4520541,G,1
18;4609374,T,0
18;4761705,T,0
18;4962015,A,0
18;4969766,G,1
18;5048369,G,1
18;5249624,A,0
18;5415501,C,0
18;5587607,G,1
18;5841187,C,0
18;5925531,G,0
18;6158621,A,0
18;6287726,C,1
18;6433650,C,1
18;6503627,C,1
18;7049282,C,0
18;7304952,G,1
18;7383538,G,0
18;7392512,A,1
18;7476368,G,0
18;7814669,T,0
18;7897816,A,1
18;8658333,T,1
18;8842029,T,1
18;8929240,C,0
18;9475146,T,0
18;9539749,A,0
18;9840588,A,1
18;10112621,A,0
18;10157406,T,0
18;10323659,A,1
18;10371335,G,0
18;10377306,A,1
18;10507418,G,0
18;10549435,C,0
18;10550588,T,0
18;10688912,A,0
18;11176068,G,0
18;11311197,T,0
18;11545276,A,1
18;11850692,T,1
18;11913467,A,1
18;12156475,G,1
18;12596074,T,1
18;12784096,G,0
18;13295141,T,0
18;13664222,T,1
18;13745519,A,1
18;13875665,G,1
18;13952711,T,0
18;14086682,C,0
18;14913292,G,1
18;15069726,C,1
18;19258573,C,0
18;19728166,A,0
18;19839011,G,1
18;19886814,G,1
18;19922243,A,1
18;20147960,G,0
18;21800298,A,1
18;21803336,T,1
18;21954952,A,1
18;22440689,C,0
18;23193585,A,0
18;23268890,A,0
18;23342532,T,1
18;23411163,C,1
18;23497348,G,0
18;24491123,A,1
18;24611683,A,0
18;24628487,G,1
18;24729283,T,1
18;24848009,A,0
18;25061076,G,1
18;25248531,C,0
18;25616451,T,0
18;27498046,G,0
18;27617226,A,0
18;27663773,C,0
18;28787355,A,1
18;29178554,T,0
18;29190174,T,0
18;29736017,A,0
18;30322511,A,0
18;30457913,G,0
18;30472744,A,0
18;30561419,A,1
18;31702858,A,0
18;31909968,G,1
18;32405071,T,0
18;33135111,C,1
18;34155834,T,0
18;34325827,T,1
18;34869069,A,1
18;34904949,A,0
18;34928639,T,1
18;35297968,A,1
18;35984429,C,1
18;36210292,T,0
18;36232589,T,0
18;36431226,A,0
18;36814582,C,1
18;37304966,C,0
18;38146351,T,1
18;38970797,A,1
18;39314744,A,0
18;40825387,C,0
18;41123888,A,1
18;41231361,G,0
18;41626627,A,0
18;41667660,A,0
18;42077844,G,0
18;42085852,T,0
18;42279634,T,0
18;42524420,A,0
18;42525811,A,1
18;42970447,G,1
18;43210194,A,0
18;43313309,G,1
18;43381512,A,1
18;43495416,T,0
18;43845269,T,1
18;44106295,A,0
18;44240526,T,1
18;44294533,A,0
18;45434712,T,1
18;45548347,T,1
18;45623756,G,0
18;45971139,A,1
18;46085667,T,0
18;46166133,C,1
18;46201052,G,1
18;46463058,G,1
18;46584184,T,0
18;46669114,A,0
18;47200119,A,0
18;47460980,A,0
18;47701744,C,1
18;47849041,C,0
18;48149462,T,1
18;48161544,A,0
18;48378234,C,0
18;48905485,G,0
18;49016987,A,0
18;49423185,T,1
18;49617632,G,1
18;49745633,T,1
18;50617175,G,0
18;50623640,A,0
18;51153870,G,1
18;51180715,C,0
18;51444327,T,0
18;51584469,G,0
18;52341675,A,0
18;52717564,T,1
18;53083865,C,1
18;53429841,T,0
18;53906628,T,1
18;54048077,T,0
18;54287739,C,0
18;54532135,T,0
18;54761682,C,1
18;55178460,C,1
18;55185930,A,1
18;55412068,C,0
18;55709155,A,0
18;55755343,G,0
18;56269206,T,1
18;56281360,C,0
18;56657524,G,1
18;56985729,A,0
18;57291825,A,0
18;57309059,G,1
18;57731909,G,0
18;58317555,A,1
18;58427966,G,0
18;58507020,C,1
18;58893318,A,1
18;59168422,A,0
18;59330019,T,0
18;59547778,G,1
18;59845591,T,0
18;60148485,T,1
18;60205542,G,1
18;60683115,T,0
18;60813493,T,0
18;60814532,C,0
18;60943959,G,0
18;61604279,C,0
18;63089699,A,1
18;63191460,C,0
18;64629498,G,0
18;64724416,T,0
18;64765609,C,1
18;64861846,A,1
18;64877777,A,1
18;64947941,T,0
18;65732597,C,0
18;66116851,T,0
18;66485549,C,1
18;66525909,A,1
18;66758232,C,0
18;66780421,A,0
18;67386281,C,1
18;67802449,C,0
18;67864262,A,0
18;67895607,T,1
18;67937354,G,0
18;68687749,G,1
18;68718911,A,0
18;69329868,A,0
18;69401985,C,1
18;69416921,C,1
18;69617146,C,1
18;70484496,A,1
18;70491956,A,0
18;70601638,C,0
18;70615904,C,1
18;70889676,A,0
18;70896329,C,1
18;71125697,A,0
18;71926776,G,1
18;72080772,A,0
18;72440730,T,0
18;72516544,C,0
18;72784717,G,1
18;72802952,G,1
18;72861714,A,1
18;72871756,G,1
18;73243045,G,0
18;73396502,G,0
18;73489009,G,1
18;73950261,C,1
18;74021181,A,1
18;74079249,T,0
18;74138947,T,0
18;74826732,G,1
18;75049978,G,1
18;75081290,G,1
18;75271854,C,1
18;75441134,T,0
18;75575735,T,0
18;75901056,A,0
18;76034339,A,0
18;76348780,A,1
18;76441205,GT,1
18;76441205,T,1
18;76471389,A,0
18;76521144,A,0
18;76654327,G,1
18;76951800,C,0
18;77395199,A,0
18;78010620,T,0
6;252005,T,1
6;489202,T,0
6;585167,A,1
6;711792,A,0
6;1123382,C,0
6;1445812,G,1
6;1464391,C,0
6;1515374,C,0
6;1580957,C,1
6;1776141,A,0
6;1790498,C,0
6;2097686,T,1
6;2399099,A,1
6;2683522,T,1
6;2765136,T,1
6;3006807,G,0
6;3088987,A,0
6;3804556,C,1
6;3836353,T,1
6;3854438,G,1
6;5307508,C,0
6;5405522,A,0
6;5739416,C,1
6;5877163,T,0
6;5895666,T,0
6;5938368,T,0
6;6074202,A,1
6;6529910,C,0
6;6611909,G,0
6;7238069,C,1
6;7307215,G,1
6;7473439,A,0
6;7780436,G,1
6;7884652,T,0
6;8584311,A,0
6;8860590,A,0
6;8865954,G,0
6;8910005,A,0
6;9076067,G,0
6;9487956,G,1
6;9810233,C,0
6;10017250,A,1
6;10174370,G,0
6;10482087,A,0
6;10700922,T,0
6;10764497,G,0
6;11316438,T,1
6;11357978,T,0
6;11760259,C,1
6;11790493,C,1
6;12359717,A,0
6;12803314,A,1
6;13028243,T,0
6;13329466,G,1
6;13640497,A,0
6;13744794,T,1
6;13862649,A,0
6;14100083,A,0
6;14147968,A,1
6;14614112,C,0
6;14797246,G,0
6;15304437,C,0
6;15366460,T,0
6;15420960,C,0
6;15503696,C,1
6;15661461,T,1
6;15675641,C,0
6;15801167,T,0
6;16698022,A,1
6;16912878,A,1
6;17089509,G,0
6;17089510,C,0
6;17271019,C,1
6;17358636,C,1
6;18072657,A,0
6;18118765,A,1
6;18209683,A,1
6;18610789,T,1
6;18637193,G,0
6;18767825,T,0
6;18817180,G,0
6;19175873,A,0
6;19218841,A,0
6;19407446,A,0
6;19433423,A,0
6;20244276,T,0
6;20731171,A,0
6;21728317,A,1
6;21808606,T,1
6;22508420,C,1
6;23141221,C,1
6;23388374,T,1
6;23441842,G,1
6;23481759,C,1
6;23713003,G,0
6;23873969,T,0
6;24013982,T,1
6;24288724,A,1
6;24418348,A,1
6;24448061,C,1
6;24749413,T,0
6;25035920,A,1
6;25181627,T,1
6;25312755,A,1
6;25328567,A,1
6;25457251,A,0
6;25919480,C,1
6;26274498,T,0
6;26440652,T,0
6;26456280,G,1
6;26572165,T,1
6;26975231,A,0
6;27096126,A,0
6;27231150,G,0
6;27357671,G,1
6;27480308,T,1
6;27886830,T,1
6;27925456,C,0
6;28169623,C,0
6;28411303,G,0
6;28484869,C,0
6;28500449,G,1
6;28839747,T,0
6;29349327,G,0
6;29379891,G,0
6;29469489,T,0
6;29601745,G,1
6;29634927,G,0
6;29705084,T,0
6;29712704,G,0
6;29734634,A,0
6;29759445,T,0
6;29832966,A,1
6;29916618,A,0
6;29972970,C,0
6;30008996,T,1
6;30031345,C,0
6;30081630,A,1
6;30105544,A,0
6;30129676,C,0
6;30154928,A,1
6;30202052,T,0
6;30258708,T,0
6;30294590,A,0
6;30346139,G,1
6;30357291,T,1
6;30365448,C,0
6;30369040,T,1
6;30374664,A,0
6;30577966,T,0
6;30697523,T,0
6;30703625,C,0
6;30708955,T,0
6;30855251,A,1
6;30993958,G,0
6;31050348,G,1
6;31055423,A,1
6;31079578,A,0
6;31084191,C,0
6;31113703,G,0
6;31130760,G,0
6;31141827,A,0
6;31147194,C,0
6;31149310,G,0
6;31221914,T,1
6;31318933,G,1
6;31320810,G,1
6;31321685,C,0
6;31334852,T,0
6;31343667,C,0
6;31384578,A,0
6;31386518,G,0
6;31440669,G,0
6;31458827,T,0
6;31530275,C,0
6;31592064,T,1
6;31602967,A,0
6;31710020,T,0
6;31735631,T,0
6;31762311,C,0
6;31867473,T,0
6;31894626,G,1
6;31903121,A,0
6;31914180,A,0
6;31916013,C,0
6;31919018,G,0
6;32014456,T,0
6;32180146,G,1
6;32188383,C,0
6;32188815,G,0
6;32282033,A,1
6;32359723,T,1
6;32378866,G,1
6;32380208,G,0
6;32395698,T,0
6;32603007,G,0
6;32629755,A,1
6;32653435,A,0
6;32653703,A,1
6;32663677,T,0
6;32702449,G,0
6;32759448,A,0
6;32765182,A,1
6;32784676,T,0
6;32786882,C,0
6;32794586,G,0
6;32830034,G,0
6;32911048,C,0
6;32917412,A,0
6;32923988,A,0
6;32976185,A,0
6;32988089,T,0
6;32993845,C,1
6;33079166,T,1
6;33083121,C,1
6;33089375,T,0
6;33107751,G,1
6;34824636,G,1
6;35009160,T,0
6;35406153,C,1
6;36077961,A,0
6;36482663,C,0
6;36651971,A,1
6;36727707,A,0
6;36793335,C,1
6;37102822,A,1
6;37727349,T,0
6;37767791,C,0
6;38137814,A,0
6;38903015,G,0
6;39229521,C,1
6;39583135,C,0
6;40125459,G,1
6;40429948,T,0
6;40530612,C,1
6;40946732,A,0
6;41239906,G,0
6;41243740,T,0
6;41300723,G,1
6;41389328,A,0
6;41981077,G,1
6;42019983,T,0
6;42039883,T,1
6;42324691,C,0
6;42559926,A,0
6;42932715,T,1
6;43101670,C,1
6;43299058,G,1
6;43970827,A,0
6;44034691,A,1
6;44108150,C,0
6;44150285,A,0
6;44425680,A,1
6;44447004,G,1
6;44486470,C,1
6;44622298,A,0
6;45076465,T,0
6;45750575,T,1
6;45894898,C,0
6;45895815,A,0
6;46199296,A,1
6;46588968,C,0
6;46956920,A,0
6;46989848,T,0
6;47283350,G,0
6;47311254,A,0
6;47389087,A,0
6;47397746,A,0
6;47486958,G,0
6;47689344,T,0
6;47908664,T,0
6;47960067,A,0
6;48294046,G,0
6;48308126,G,1
6;48511720,A,0
6;48915976,A,1
6;49746117,C,0
6;50076533,G,1
6;50425400,G,0
6;51695647,T,0
6;51735786,G,0
6;51924774,G,1
6;52220793,T,0
6;52383231,C,1
6;52652637,T,0
6;52682551,T,0
6;52861204,G,0
6;53727758,T,1
6;53753492,A,1
6;53779841,G,1
6;53882340,A,1
6;53999025,C,0
6;54181882,A,1
6;54411913,C,1
6;54696916,G,1
6;54826089,G,0
6;54906356,T,0
6;55092069,C,1
6;55543344,C,1
6;55950374,A,0
6;56228086,A,0
6;57121684,G,0
6;57908353,G,1
6;58058895,A,0
6;58159178,A,0
6;58763278,C,0
6;62925642,A,0
6;63282423,T,1
6;63347849,A,0
6;63457733,T,1
6;63871745,A,1
6;64818449,T,0
6;65485995,T,0
6;65750892,C,1
6;67022145,A,0
6;67123344,G,0
6;67167633,C,1
6;68768377,G,0
6;69076269,T,0
6;69087892,T,0
6;69464386,C,1
6;69802200,G,0
6;70136071,C,1
6;70409081,G,0
6;70562435,G,1
6;70746249,C,0
6;70979125,G,1
6;71264293,A,0
6;71369064,T,0
6;71589509,A,0
6;71863451,C,1
6;72108896,A,1
6;72210423,C,0
6;72269242,T,0
6;72453473,A,1
6;72575744,A,0
6;72601618,G,0
6;73086145,A,0
6;73493534,A,0
6;73884650,A,0
6;73986463,T,0
6;74144657,T,0
6;74275405,A,0
6;75018941,A,0
6;75352934,C,0
6;75542717,G,1
6;75880623,A,0
6;76141593,A,1
6;77034094,A,0
6;78269161,G,0
6;78356011,A,0
6;78641250,T,0
6;78882407,C,0
6;79268831,G,1
6;79370112,T,0
6;79554272,G,0
6;79702735,A,0
6;80210291,T,0
6;80504479,A,0
6;80577081,T,0
6;81417782,C,1
6;81792413,A,0
6;82427049,T,0
6;82437870,C,0
6;82634122,C,1
6;83293061,G,0
6;83479174,A,0
6;84282761,G,1
6;84723635,T,0
6;84980102,A,0
6;85003735,G,0
6;85248773,C,0
6;85375463,C,0
6;85824323,G,0
6;85827524,C,1
6;85903953,T,1
6;85923239,C,1
6;86094567,A,0
6;86297719,G,0
6;86500956,G,1
6;87143118,G,0
6;87569383,A,0
6;87884007,G,1
6;88448322,T,0
6;88612769,A,1
6;88723761,G,1
6;88832796,T,0
6;88888550,C,1
6;88896073,G,1
6;89186177,G,0
6;89226654,T,1
6;89291791,C,0
6;89845963,T,1
6;90453263,G,0
6;90544486,C,0
6;91658814,T,1
6;91694002,G,0
6;91798500,G,1
6;91829857,T,0
6;91951308,A,0
6;93306808,T,0
6;93432473,A,0
6;93881166,T,0
6;94529194,A,0
6;95125474,T,1
6;95420821,T,1
6;96512220,A,1
6;97061940,C,0
6;97186347,C,1
6;97209254,G,1
6;97524233,A,0
6;97591181,T,0
6;98340899,A,0
6;98435125,T,1
6;98905933,G,1
6;99613136,G,0
6;99912329,G,1
6;100197712,A,0
6;100348767,C,1
6;100650387,T,1
6;101363967,G,0
6;101744172,A,0
6;101965813,T,0
6;102183265,T,0
6;102569933,T,0
6;102849336,T,1
6;103945307,A,0
6;104015974,C,1
6;104181365,A,1
6;104407049,T,0
6;104727874,T,0
6;105155782,A,1
6;105378954,T,1
6;105628865,T,1
6;106080487,C,1
6;106513510,G,0
6;106524830,C,1
6;106915907,A,0
6;107106826,G,1
6;108030627,A,0
6;108041307,A,0
6;108053906,A,0
6;108280898,A,1
6;108387232,A,1
6;108613067,C,0
6;108679160,A,0
6;109115347,C,1
6;109139055,T,1
6;109149871,A,0
6;109624937,A,1
6;109832034,C,0
6;110159757,G,0
6;110186638,A,1
6;110246588,C,1
6;110592355,A,0
6;110745819,A,1
6;111736642,T,1
6;111740466,T,0
6;112102007,T,1
6;112212693,T,0
6;112423944,A,0
6;112460429,T,0
6;112462563,C,0
6;112490531,G,1
6;112537861,G,0
6;112764338,T,1
6;113386660,G,0
6;113463252,T,0
6;113636195,G,0
6;114143018,A,0
6;114254102,C,0
6;114270928,T,1
6;114364702,A,0
6;114834560,A,0
6;115722700,T,0
6;116803253,T,1
6;117001166,A,0
6;117157774,C,0
6;117450099,G,0
6;117587568,C,0
6;117722147,A,0
6;118200950,C,1
6;118372527,A,0
6;118401470,A,1
6;118498708,A,1
6;118685825,C,0
6;118962740,C,1
6;119768643,C,1
6;119946363,G,0
6;120129674,C,1
6;120838127,A,0
6;120958366,T,0
6;122163145,C,0
6;123089505,A,0
6;123104307,T,0
6;123118218,C,0
6;123244019,T,0
6;123711840,C,1
6;124144456,G,1
6;124642827,G,0
6;124715205,A,1
6;124915655,G,1
6;125156890,A,1
6;125346812,G,1
6;125402711,T,1
6;127338815,G,0
6;127816540,T,1
6;128293562,T,0
6;129060095,C,0
6;129183383,A,0
6;129454510,T,0
6;129541597,G,0
6;129602398,G,0
6;129616516,C,1
6;129715775,G,1
6;130017093,G,0
6;130056718,T,0
6;130395240,T,0
6;131084705,C,0
6;131249824,A,1
6;131509096,G,0
6;131518894,C,1
6;131721876,T,1
6;131924689,A,0
6;132095805,A,1
6;132633933,C,1
6;132761433,T,1
6;133339505,A,0
6;133480350,C,0
6;134342071,T,1
6;134728974,C,0
6;134740464,G,0
6;134790138,C,1
6;134825313,C,1
6;135033315,G,1
6;135071826,A,1
6;135198116,A,1
6;135303356,G,1
6;135535240,T,0
6;136100939,C,0
6;136186368,A,0
6;136774165,G,1
6;137474760,T,0
6;137504592,G,0
6;138005515,G,0
6;138072312,G,0
6;138288536,A,0
6;138538785,T,0
6;138764089,T,0
6;138811328,T,0
6;139590045,T,1
6;141087211,T,0
6;141869622,C,1
6;142027189,A,0
6;142267503,T,1
6;142779395,G,0
6;142952944,C,0
6;143046995,A,0
6;143068178,T,0
6;143429476,G,1
6;144122896,T,0
6;144272474,C,1
6;145122139,T,0
6;145773164,T,1
6;145972719,A,0
6;146022531,C,1
6;146709870,A,0
6;146907939,T,0
6;147912444,G,1
6;148069090,C,1
6;148100139,T,0
6;148511085,G,0
6;148775706,T,0
6;148792617,G,0
6;148806133,C,0
6;148822377,A,0
6;148834532,T,0
6;149074013,A,1
6;149125116,T,1
6;149148901,A,0
6;149228992,C,1
6;149268621,G,0
6;149637811,A,1
6;150472631,G,1
6;150571265,C,1
6;150855077,A,0
6;151236699,G,0
6;151432574,C,1
6;151469255,A,0
6;151585814,G,0
6;151597033,A,0
6;151626774,G,1
6;151733583,C,0
6;151748995,C,1
6;151862228,C,1
6;151952890,A,1
6;152149200,A,0
6;152247152,G,0
6;152305505,T,1
6;152332130,C,1
6;152343763,G,1
6;152493465,T,1
6;152635806,C,1
6;152658141,A,0
6;152763258,C,0
6;152831067,T,0
6;152963826,G,1
6;153357921,G,0
6;153783893,A,1
6;153968254,A,0
6;154165415,G,0
6;154491137,A,0
6;154708633,C,1
6;155309472,C,1
6;155369673,G,1
6;155503116,A,1
6;155568316,T,0
6;155881474,C,0
6;156130723,G,0
6;156150848,C,1
6;156177108,A,0
6;156454443,C,0
6;156879773,C,0
6;156893548,T,1
6;157704479,T,1
6;158024861,A,0
6;158032463,A,0
6;158263456,G,0
6;158626044,C,0
6;159050540,A,0
6;159184507,T,0
6;160098222,A,1
6;160174456,G,0
6;160646222,G,0
6;160646280,C,1
6;160809106,A,0
6;160911908,T,1
6;161011137,T,0
6;161244545,C,0
6;161641207,T,0
6;161782604,A,0
6;162159011,C,1
6;162384271,C,0
6;162396659,T,0
6;163162350,G,0
6;163475289,C,1
6;163615962,C,0
6;164015506,T,1
6;164350046,T,0
6;165016833,C,0
6;165063209,T,1
6;165474878,C,0
6;165511920,T,0
6;165557550,G,0
6;165933974,A,0
6;166198621,A,1
6;166487971,A,0
6;166571443,T,1
6;166791235,T,1
6;166973449,G,1
6;167364112,T,0
6;167535914,T,0
6;167715776,C,1
6;167806208,G,1
6;167916635,C,0
6;168457966,A,1
6;168531451,T,1
6;168538518,T,1
6;168578507,T,0
6;168583006,A,0
6;168997347,A,1
6;169075136,A,1
6;169358970,A,0
6;169535920,T,0
6;169689462,G,0
6;169756921,C,1
6;170641014,A,0
6;170727420,A,1
16;207218,A,0
16;346772,A,0
16;373817,A,0
16;444004,C,0
16;504505,T,0
16;739874,A,0
16;906611,G,0
16;983292,T,1
16;1269029,C,1
16;3004856,T,1
16;3032566,G,1
16;3177000,T,0
16;3405875,C,1
16;3992783,T,0
16;4007086,T,1
16;4056927,G,0
16;4250892,C,1
16;4404857,A,0
16;4833551,C,0
16;5050720,T,0
16;5376977,A,1
16;5407913,C,0
16;5485508,G,1
16;5495662,G,0
16;5762949,A,0
16;5956255,A,1
16;6136607,T,0
16;6196485,G,0
16;6719478,C,0
16;6820960,T,1
16;7000800,T,1
16;7146310,A,0
16;7458135,G,1
16;7531324,C,0
16;7574482,G,0
16;7657373,G,1
16;7843439,C,1
16;8170862,C,0
16;8394874,C,0
16;8418576,T,0
16;9708268,G,0
16;9982585,G,0
16;10106767,A,0
16;10119736,A,1
16;10357283,C,0
16;10526950,C,0
16;10798647,C,1
16;10856585,T,0
16;11303521,T,0
16;11403893,T,0
16;11478148,G,0
16;11543445,T,0
16;11610176,A,1
16;12628452,C,1
16;12655073,C,1
16;13282232,C,0
16;13314698,A,0
16;13701374,A,1
16;13749859,C,1
16;13808444,G,0
16;14141090,A,0
16;15720450,C,0
16;15908483,A,1
16;15915858,C,1
16;16081512,G,0
16;16249041,G,0
16;16985817,A,1
16;17955230,G,0
16;18057254,T,0
16;19173725,G,0
16;19223970,A,1
16;19244424,G,1
16;19553183,C,0
16;20268056,T,0
16;20282561,T,1
16;20449616,G,1
16;20532264,T,0
16;21089688,T,1
16;22122772,G,0
16;22947652,A,0
16;23044020,C,1
16;23077224,C,0
16;23117028,C,0
16;23688119,T,0
16;24088169,A,0
16;24136201,G,1
16;24346879,C,1
16;24615813,A,1
16;24865425,C,1
16;25106206,A,1
16;25410171,G,0
16;25639239,A,1
16;25874229,G,1
16;26182784,C,1
16;26511546,T,1
16;26678692,A,0
16;26775468,G,1
16;26793623,A,0
16;26808444,C,1
16;26840338,G,0
16;27067091,C,0
16;27192691,T,1
16;27294131,T,1
16;27444492,G,1
16;27635840,G,1
16;27814900,G,1
16;27843815,C,0
16;28997997,A,1
16;29221318,G,0
16;31364493,T,0
16;34321463,A,0
16;34689060,A,0
16;46591591,A,0
16;47146718,G,0
16;47289388,G,0
16;48177934,A,0
16;48574637,C,0
16;49329572,T,1
16;49392918,A,1
16;49554880,C,1
16;49650012,T,0
16;49837475,G,0
16;49858036,C,1
16;49934695,A,0
16;50199498,T,0
16;50437528,T,0
16;51130133,G,0
16;51710036,A,1
16;51748235,G,1
16;52419098,G,1
16;52646376,A,1
16;52663947,T,0
16;53137282,A,1
16;53376851,A,0
16;53801343,A,1
16;54114904,A,0
16;54134802,T,0
16;54516039,A,0
16;54558562,T,0
16;54750639,A,0
16;54752279,G,0
16;54769866,A,1
16;54917907,A,0
16;55040983,T,0
16;55078667,C,0
16;55084745,A,0
16;55153839,A,1
16;55478556,A,1
16;55523998,C,0
16;55766345,T,0
16;55883761,C,1
16;56825666,A,1
16;57109504,C,0
16;57293282,A,1
16;57311812,C,1
16;57331147,C,1
16;57418123,T,0
16;57589601,A,0
16;57630454,T,1
16;58201849,T,0
16;58864591,G,1
16;59035144,C,1
16;59097607,T,0
16;59120030,G,0
16;59224825,G,0
16;59646197,T,1
16;59646941,T,1
16;59863893,C,0
16;60821755,C,0
16;61610219,T,0
16;62326746,C,0
16;62397470,G,0
16;62642333,G,1
16;62747830,A,1
16;63287549,C,1
16;63633828,C,1
16;64582251,G,0
16;65522538,G,0
16;65654881,C,1
16;66090427,A,0
16;66231376,G,1
16;66490594,C,1
16;66812797,T,1
16;67009179,G,0
16;67095654,C,0
16;67207933,T,0
16;68396034,A,1
16;68542132,T,0
16;68548709,A,0
16;68603798,T,1
16;68809640,A,1
16;69367385,G,0
16;69730426,G,1
16;69815000,G,0
16;69923333,C,1
16;71862448,G,1
16;71868168,C,1
16;72088964,T,0
16;72142111,G,0
16;72276824,A,0
16;72504487,A,0
16;72916373,T,0
16;73138495,A,1
16;73200828,C,0
16;73332387,C,0
16;73500800,G,0
16;73545639,T,1
16;73733410,T,1
16;74702430,T,0
16;74885566,T,1
16;75251299,C,1
16;75454793,G,1
16;75598936,G,0
16;75871898,T,1
16;75994198,A,1
16;76011887,T,1
16;76229952,C,1
16;76271568,T,1
16;76293252,G,0
16;76365831,A,1
16;76432398,T,1
16;76632518,A,1
16;76940877,A,0
16;77122932,T,0
16;77314906,G,0
16;77366660,A,0
16;77663968,G,0
16;77664810,C,1
16;78518911,A,0
16;78725014,A,0
16;78948077,C,0
16;78957666,A,0
16;79234945,C,1
16;79250379,A,0
16;79551204,G,0
16;79566041,C,1
16;79771748,G,1
16;79858627,T,1
16;81159437,C,0
16;81267392,C,0
16;81345388,A,1
16;81514505,G,1
16;81571979,G,1
16;81673638,A,0
16;81753730,T,0
16;82408873,A,0
16;82447854,G,0
16;82618604,A,1
16;82864247,A,1
16;82906542,G,1
16;82925549,T,0
16;82999663,T,1
16;83173043,A,1
16;83194801,A,1
16;83307778,T,1
16;83402943,G,1
16;83417177,A,0
16;83552798,A,0
16;83554125,A,0
16;83787146,A,0
16;83854596,T,0
16;84005551,C,0
16;84221962,G,1
16;84531307,C,0
16;84840753,T,0
16;85119536,C,0
16;85559926,T,0
16;85674193,C,1
16;85780453,T,0
16;86188467,C,1
16;86219325,A,0
16;86349795,G,1
16;86396256,C,1
16;86464569,A,1
16;86604364,G,0
16;86690125,T,0
16;86751861,C,0
16;86973357,G,0
16;87084966,T,0
16;87179303,A,1
16;87366027,A,0
16;87680147,A,0
16;87688635,A,0
16;87690883,G,0
16;87713034,A,1
16;88525486,A,0
16;88673720,A,0
16;88856370,T,1
16;88879087,G,1
16;88895625,A,1
21;14835272,T,0
21;15732024,G,0
21;15969073,A,0
21;16295354,T,1
21;16853467,C,0
21;17257764,G,0
21;17340801,G,1
21;17724889,T,0
21;18945035,C,0
21;19063194,C,1
21;19084800,C,1
21;19362689,G,1
21;19546614,C,1
21;19559058,G,0
21;19881373,G,0
21;19899283,G,0
21;19962968,G,1
21;20136216,G,0
21;20185548,C,0
21;20186304,A,0
21;20300442,G,0
21;20347871,T,0
21;20572497,C,0
21;20641655,G,1
21;20898097,A,1
21;21189374,T,0
21;21446420,G,0
21;21482957,G,0
21;21568418,A,0
21;21637719,G,1
21;21669012,T,1
21;21722621,A,0
21;21730254,A,1
21;21852696,T,1
21;22078587,A,1
21;22103859,T,1
21;22237121,C,1
21;22308168,C,0
21;22715227,A,1
21;23013230,G,1
21;23109249,C,1
21;23264430,T,0
21;23345922,A,0
21;23637512,T,1
21;23845818,C,1
21;23846434,G,0
21;24153804,T,0
21;24660056,C,0
21;25583058,C,0
21;25596564,G,0
21;25643233,G,0
21;25693136,G,0
21;25724114,C,1
21;25967451,A,0
21;26086691,T,1
21;26825565,A,1
21;26960189,G,1
21;26965148,A,1
21;27567631,A,0
21;27801663,T,1
21;27834151,T,0
21;27879069,A,1
21;27911417,T,1
21;27983045,C,0
21;27996425,C,1
21;28152270,C,1
21;28360118,G,1
21;28717815,T,0
21;28957144,T,0
21;29510526,T,0
21;29685655,C,0
21;30030207,C,1
21;30144081,G,1
21;30556454,G,1
21;32370620,A,0
21;32436810,T,1
21;32499501,T,0
21;32679115,T,0
21;32754559,G,0
21;32759052,G,1
21;32873104,A,0
21;33050785,C,0
21;33205172,T,1
21;33290570,G,0
21;33453560,C,0
21;33658808,G,0
21;33688865,G,0
21;34297775,C,0
21;34496394,G,0
21;34545377,A,1
21;34608680,C,0
21;34854711,G,1
21;35166803,T,0
21;35185210,T,1
21;35318454,G,0
21;35372433,T,0
21;35592798,C,1
21;35979307,C,1
21;36123685,C,0
21;36222258,A,1
21;36321657,T,0
21;36420200,G,0
21;36689908,T,0
21;36878036,T,0
21;37074965,G,0
21;37133457,A,1
21;37449719,C,0
21;37725032,T,0
21;37766135,G,0
21;37768628,A,0
21;39092297,T,0
21;39713066,G,0
21;39846695,A,0
21;39854478,T,0
21;40159070,C,0
21;40793911,T,0
21;40819685,A,1
21;40823860,G,0
21;41000353,G,1
21;41037799,G,1
21;41284790,G,0
21;41531974,T,1
21;41658290,T,0
21;42023404,T,1
21;42657548,C,1
21;42768297,T,1
21;42865324,A,1
21;43042859,A,0
21;43532456,T,0
21;43620485,A,0
21;43719965,A,1
21;43744956,T,0
21;44095690,A,0
21;44628741,C,0
21;44754437,T,1
21;44792003,G,1
21;44824263,T,0
21;45479055,T,0
21;45708355,T,0
21;45866974,C,1
21;45973402,C,1
21;46492270,A,1
21;46627363,T,0
21;46711907,T,0
21;46764433,T,0
21;46847266,T,0
21;46906627,T,0
21;47288453,G,1
21;47362224,A,0
21;47373412,T,0
21;47404304,A,0
21;47596235,C,0
21;47607057,G,1
21;47705237,C,1
21;47862624,G,1
21;47955662,G,0
20;279483,C,0
20;406872,C,0
20;406876,C,0
20;1012798,A,1
20;1050556,A,1
20;1294431,A,0
20;1359352,A,0
20;1950858,A,1
20;2108592,G,0
20;2562518,C,0
20;3008909,T,1
20;3417912,C,0
20;3739895,C,0
20;4169079,A,1
20;4300150,C,0
20;4528289,G,0
20;4717262,T,0
20;4864717,C,0
20;5061018,T,1
20;5253108,G,0
20;5316523,A,1
20;5452915,G,0
20;5636945,C,1
20;5859979,A,0
20;6209524,G,0
20;6416132,C,1
20;6455198,A,1
20;6591010,C,0
20;6599698,T,1
20;6939579,G,1
20;7358423,T,0
20;7615276,A,0
20;7654926,T,0
20;7739127,G,0
20;8053527,C,0
20;8340373,T,0
20;8381467,G,1
20;8410722,G,0
20;8674420,C,0
20;8836524,T,0
20;9057718,T,1
20;9420614,G,1
20;9718477,C,0
20;10123424,T,0
20;10310449,G,1
20;10632577,A,0
20;10907703,A,1
20;11064237,G,1
20;11929122,A,1
20;12088568,G,1
20;12212821,A,0
20;12451778,C,0
20;12515217,C,0
20;12654924,C,0
20;12856917,G,0
20;13151531,A,1
20;13237714,G,0
20;13688842,A,1
20;14307388,C,0
20;15025831,A,0
20;15073680,T,0
20;15146989,G,1
20;15450622,G,0
20;15498947,C,0
20;16323406,T,0
20;16759102,A,0
20;16862237,T,1
20;16963721,T,0
20;17157757,A,1
20;17909932,C,0
20;18233378,G,0
20;18291064,T,0
20;18928728,A,0
20;19098018,T,1
20;19917432,A,0
20;19978547,G,0
20;19982547,A,1
20;21114838,A,0
20;21253368,A,0
20;21471168,A,0
20;21660275,C,0
20;21695347,T,0
20;22000174,T,1
20;22013446,T,0
20;22391189,A,0
20;22480926,C,1
20;22753695,A,1
20;22757960,C,1
20;22880315,C,0
20;22958339,T,0
20;23059255,C,1
20;23160502,C,0
20;23267014,G,0
20;23623261,T,0
20;23788405,A,0
20;24098673,A,1
20;24131083,T,1
20;24224380,T,1
20;24840164,G,0
20;25026066,A,0
20;25731875,A,0
20;26271193,T,0
20;29849652,T,0
20;29911380,C,0
20;30053255,A,0
20;30922398,T,0
20;32773520,C,0
20;33722863,G,0
20;33732369,G,0
20;34357008,T,0
20;35370361,C,0
20;35891270,A,0
20;36256706,C,1
20;36432762,A,0
20;36817151,G,1
20;36818329,T,0
20;36851168,A,0
20;37285358,T,0
20;38278997,T,0
20;38531906,G,1
20;38534990,C,0
20;38643587,A,1
20;39070698,C,1
20;39424273,T,1
20;39675517,T,0
20;40015574,A,0
20;40061008,A,1
20;40351680,T,0
20;40483328,G,0
20;40756792,C,1
20;41353948,T,1
20;41506983,C,1
20;41541008,T,0
20;41766471,A,0
20;42336684,G,1
20;42583196,T,0
20;43497279,T,1
20;43644557,G,1
20;43804522,C,0
20;43851375,C,0
20;44056886,T,0
20;44679008,A,0
20;44702120,C,1
20;44881959,A,0
20;44971210,A,1
20;45811788,T,0
20;46290316,G,1
20;46561222,T,0
20;46700864,A,0
20;46840115,C,1
20;46858267,C,0
20;47256335,A,0
20;47505606,C,0
20;48518254,A,0
20;48621996,A,0
20;48963524,T,0
20;49107417,A,0
20;49892365,T,1
20;49974979,A,1
20;50521290,G,1
20;50800275,G,0
20;51309154,C,0
20;51333439,C,0
20;51384416,T,0
20;51672983,A,1
20;52474778,G,0
20;52494689,A,0
20;52581406,G,1
20;53138260,G,0
20;53290547,G,0
20;53322671,G,1
20;53625044,C,0
20;54525327,C,1
20;54813162,A,0
20;54842378,G,1
20;55293730,G,1
20;55416902,T,1
20;55802858,G,1
20;55904180,T,0
20;56093478,C,0
20;56174425,C,1
20;56310819,A,1
20;56796034,A,1
20;56813996,A,0
20;56847816,C,0
20;57087213,A,1
20;57091286,G,1
20;57177177,A,0
20;57278710,A,0
20;57363465,T,0
20;57507384,T,0
20;57597970,C,0
20;57939327,C,0
20;58055043,G,1
20;58222842,T,0
20;58398427,A,1
20;58961136,A,0
20;59047074,A,0
20;59142595,G,1
20;59315127,G,1
20;59336850,A,0
20;59348469,T,0
20;59370857,G,1
20;59480372,T,1
20;59832791,C,1
20;60224497,G,0
20;60453058,T,1
20;60919263,A,1
20;60945610,A,1
20;61038322,T,1
20;61175501,T,0
20;61377691,T,1
20;61401766,C,1
20;61471582,C,0
20;62182802,A,0
20;62380607,A,0
20;62579209,A,0
20;62808239,A,0
22;17301217,G,0
22;17433210,G,0
22;17599860,C,0
22;17635874,C,0
22;17701234,G,1
22;17762499,T,0
22;18179100,C,0
22;18504801,G,1
22;18994633,A,0
22;19007341,T,0
22;19431038,G,1
22;19825152,A,0
22;20214783,A,0
22;20214899,T,1
22;21376863,T,0
22;22125040,C,0
22;22599764,G,0
22;22741206,C,0
22;22940634,A,0
22;23216562,T,0
22;23254219,A,0
22;23351073,A,0
22;23415146,T,1
22;23649242,G,1
22;23741810,G,0
22;23810298,A,1
22;23948561,A,0
22;24033767,C,0
22;24314258,A,0
22;24621293,C,0
22;24621541,A,0
22;24922452,G,0
22;25287889,C,1
22;25335794,G,1
22;25386855,A,0
22;25874580,C,0
22;26144760,T,0
22;26329516,G,0
22;26332845,T,0
22;26418541,A,0
22;26499033,T,0
22;26689635,T,0
22;27031721,C,0
22;27060641,T,1
22;27377796,T,0
22;27436778,C,0
22;27439704,A,1
22;27619844,T,0
22;27825612,C,1
22;27839161,G,0
22;27898793,A,0
22;27923644,G,0
22;28115498,T,0
22;28378472,G,1
22;28430652,T,0
22;29125076,A,0
22;29499606,G,0
22;29528417,T,0
22;29636985,T,1
22;31006860,G,0
22;32081681,T,0
22;32507102,G,0
22;32577520,G,0
22;32668008,C,1
22;32866934,C,1
22;33104377,A,0
22;33124633,C,1
22;33568575,A,1
22;33731899,A,0
22;33863218,A,0
22;34206144,G,0
22;34224062,T,1
22;34247794,A,1
22;34293516,C,1
22;34468643,G,0
22;34523560,T,0
22;34558740,T,1
22;34772326,T,1
22;34988594,G,0
22;35568399,T,1
22;35795413,G,1
22;35952603,C,1
22;36618432,G,0
22;36702149,A,0
22;36762634,C,0
22;37276285,A,1
22;37849017,C,0
22;38044497,T,1
22;38213383,G,1
22;38343143,C,1
22;38695099,C,1
22;38833266,T,1
22;39507337,C,0
22;39666640,A,0
22;39675770,A,1
22;39705104,T,0
22;40344774,G,1
22;40734790,C,1
22;41102074,A,1
22;41197433,T,1
22;41537192,C,0
22;41793090,G,1
22;42025057,G,0
22;42727231,T,0
22;42742451,A,0
22;42772101,T,0
22;42926665,G,0
22;42998902,T,0
22;43121426,A,1
22;43164369,G,0
22;43575129,T,0
22;43868315,G,0
22;44059059,C,1
22;44236864,T,1
22;44402641,T,0
22;44471876,C,0
22;44609032,G,1
22;44791538,G,1
22;44818986,C,1
22;45188624,T,0
22;45415276,T,0
22;45675375,T,0
22;45734931,G,1
22;45817800,T,1
22;45831471,G,0
22;45894098,T,0
22;46126927,A,0
22;46237002,A,0
22;46346108,A,0
22;46549445,G,0
22;46582072,C,0
22;46722256,G,0
22;47104011,T,1
22;47298873,T,1
22;47350898,A,0
22;47514706,C,0
22;47514708,C,1
22;47514710,C,1
22;47687170,A,1
22;47701711,C,1
22;47783287,A,0
22;48112563,T,0
22;48188253,C,1
22;48354855,A,1
22;48646477,C,0
22;48706155,A,0
22;48803514,T,0
22;49089930,G,0
22;49093649,G,1
22;49119712,C,0
22;49260105,T,1
22;49335230,T,1
22;49363742,A,0
22;49578486,T,0
22;49651708,A,0
22;49666841,G,1
22;49797810,A,0
22;49855674,G,1
22;50021013,A,0
22;50258751,A,1
22;50458664,C,0
